0 0.528400 0.769264 0.011600 0.014248
4 0.538100 0.769991 0.009000 0.015121
1 0.624700 0.767374 0.011000 0.016284
2 0.633300 0.767374 0.007000 0.016284
3 0.644800 0.768828 0.017200 0.016865
3 0.450700 0.696860 0.017400 0.014830
5 0.485900 0.714888 0.010200 0.015411
5 0.419200 0.715760 0.010400 0.014248
4 0.510400 0.648008 0.009200 0.016575
1 0.528000 0.609334 0.012400 0.015411
2 0.536100 0.607008 0.006200 0.018319
3 0.549200 0.609334 0.016800 0.014830
1 0.748300 0.608171 0.010200 0.014248
2 0.756500 0.608607 0.007400 0.016865
3 0.767800 0.609479 0.016800 0.014539
4 0.654200 0.532131 0.010000 0.015702
4 0.663600 0.491131 0.008400 0.016865
0 0.665800 0.479500 0.011600 0.016284
4 0.760200 0.470340 0.010800 0.014248
1 0.696300 0.450422 0.012200 0.016284
2 0.704300 0.448386 0.005800 0.019773
3 0.715500 0.451439 0.016600 0.015993
4 0.713600 0.244548 0.010000 0.013376
4 0.628300 0.283076 0.010200 0.014830
0 0.629800 0.270137 0.010400 0.016865
0 0.512100 0.363332 0.010200 0.015993
4 0.511500 0.374818 0.010200 0.015121
3 0.615200 0.393719 0.010800 0.029660
4 0.499400 0.376418 0.007600 0.017738
6 0.615900 0.301687 0.008600 0.027624
4 0.481400 0.245420 0.010400 0.015121
4 0.387700 0.282350 0.011800 0.016865
0 0.388200 0.269264 0.010800 0.015702
1 0.402600 0.438354 0.013200 0.014248
2 0.410800 0.436464 0.006400 0.019773
3 0.421600 0.439081 0.017600 0.016284
3 0.452900 0.523699 0.017800 0.013958
3 0.398300 0.524280 0.017400 0.015121
