5 0.418300 0.284094 0.010200 0.012213
5 0.485800 0.284821 0.008800 0.011922
3 0.448800 0.303140 0.017600 0.016575
3 0.548300 0.390811 0.018600 0.016865
1 0.529000 0.391247 0.013200 0.013667
2 0.537600 0.391974 0.006800 0.016284
4 0.511300 0.352573 0.009800 0.014248
3 0.454200 0.475720 0.019600 0.012794
3 0.398700 0.475865 0.016200 0.011341
3 0.422200 0.561210 0.016800 0.016284
2 0.410300 0.562518 0.007000 0.018319
1 0.403100 0.560483 0.009400 0.015411
4 0.386400 0.718668 0.006800 0.014830
0 0.388200 0.730300 0.008800 0.014830
4 0.482100 0.753998 0.012200 0.012794
4 0.627300 0.716633 0.009800 0.015993
4 0.713600 0.755016 0.011600 0.014830
4 0.511300 0.624164 0.009800 0.012504
0 0.513100 0.636958 0.010600 0.015411
0 0.629200 0.728846 0.011600 0.014830
3 0.613900 0.605699 0.013400 0.026752
3 0.715100 0.548851 0.017800 0.017156
1 0.695700 0.550015 0.011800 0.014830
2 0.703900 0.550451 0.005000 0.018610
0 0.663900 0.520064 0.013400 0.014830
4 0.665100 0.507851 0.013000 0.011341
4 0.759800 0.530241 0.011200 0.014830
3 0.767300 0.390230 0.016600 0.015702
2 0.755600 0.392992 0.006000 0.017156
1 0.748400 0.391974 0.010800 0.016284
4 0.654300 0.468014 0.007400 0.015411
3 0.643800 0.231753 0.017600 0.016284
2 0.633200 0.233789 0.006000 0.019192
1 0.623900 0.232190 0.011800 0.014830
0 0.529000 0.231463 0.011200 0.012213
4 0.537300 0.232044 0.009400 0.016865
4 0.497700 0.623001 0.011000 0.013085
