3 0.767400 0.609916 0.017600 0.015993
2 0.755800 0.608026 0.006800 0.017447
1 0.747900 0.609334 0.012200 0.014830
3 0.644200 0.768974 0.017200 0.016575
2 0.632300 0.767665 0.006600 0.016865
1 0.625000 0.767956 0.011600 0.015121
0 0.529100 0.768828 0.011400 0.012794
4 0.537400 0.768828 0.009200 0.013376
4 0.511000 0.647863 0.009200 0.015121
3 0.548400 0.610643 0.019200 0.012213
2 0.536400 0.608026 0.006000 0.018028
1 0.528400 0.608607 0.011600 0.015121
4 0.664000 0.490550 0.010400 0.015121
0 0.665800 0.479791 0.010400 0.015121
4 0.760000 0.469613 0.009200 0.014539
1 0.696000 0.449695 0.011600 0.014248
2 0.704100 0.448822 0.005800 0.018901
1 0.715700 0.451585 0.017400 0.013958
3 0.615600 0.393719 0.011600 0.026170
4 0.499400 0.377581 0.010000 0.016575
4 0.511600 0.374818 0.010400 0.013376
0 0.513100 0.363623 0.011000 0.015411
4 0.713400 0.244112 0.010400 0.014248
4 0.628400 0.283658 0.011200 0.014248
0 0.629400 0.272027 0.012000 0.015993
4 0.481800 0.244984 0.009200 0.014248
0 0.387700 0.268974 0.010600 0.015121
4 0.387700 0.281623 0.011800 0.015411
1 0.402500 0.439081 0.011800 0.013958
2 0.410100 0.438209 0.007000 0.019192
3 0.421900 0.438790 0.018200 0.016865
3 0.453500 0.524426 0.017000 0.014248
3 0.398700 0.524135 0.018200 0.014830
3 0.450500 0.697877 0.018600 0.013958
5 0.419000 0.715760 0.010800 0.014248
5 0.485100 0.714888 0.011400 0.013667
