5 0.515000 0.287584 0.010400 0.011050
5 0.580600 0.286130 0.010800 0.011631
3 0.549800 0.304885 0.018000 0.014830
4 0.489000 0.354318 0.008800 0.013667
3 0.451500 0.392265 0.018600 0.016284
2 0.462800 0.394155 0.006000 0.017156
1 0.471300 0.394010 0.011400 0.013958
0 0.470600 0.233644 0.011200 0.014248
4 0.462800 0.233062 0.010000 0.014248
3 0.601300 0.478191 0.017800 0.012504
3 0.546200 0.477610 0.018400 0.014248
1 0.597400 0.563681 0.012400 0.013667
2 0.589300 0.564844 0.006600 0.016575
3 0.577800 0.563536 0.018400 0.013958
4 0.500800 0.624746 0.009200 0.014830
4 0.489600 0.628235 0.008000 0.014248
0 0.488600 0.639285 0.010000 0.016575
3 0.385000 0.609189 0.010400 0.026170
1 0.375300 0.234516 0.011400 0.015411
2 0.367200 0.235824 0.006800 0.015702
3 0.355000 0.234225 0.017200 0.017738
4 0.345800 0.470195 0.011200 0.015121
4 0.614600 0.722158 0.010800 0.015411
0 0.613200 0.733207 0.009600 0.015411
4 0.518200 0.757051 0.011600 0.013085
6 0.384500 0.701803 0.006600 0.027043
0 0.371400 0.730881 0.009600 0.016575
4 0.372700 0.720122 0.010600 0.014830
4 0.286200 0.758215 0.010000 0.012504
3 0.284600 0.551905 0.018000 0.015121
2 0.296000 0.553649 0.006000 0.019773
1 0.304300 0.552486 0.011000 0.015121
4 0.240200 0.532131 0.011600 0.013376
0 0.335200 0.521809 0.009200 0.015993
4 0.335300 0.511631 0.009800 0.015411
3 0.232400 0.392992 0.019200 0.014830
2 0.243800 0.395318 0.006400 0.018319
1 0.252600 0.393428 0.012400 0.015702
