3 0.634900 0.572841 0.011000 0.024426
5 0.648800 0.520791 0.010400 0.016284
5 0.648100 0.618348 0.011800 0.017156
3 0.516100 0.647136 0.008200 0.025298
3 0.516900 0.567461 0.009000 0.026461
0 0.684700 0.457837 0.009800 0.017156
4 0.685300 0.445333 0.010200 0.014248
1 0.684200 0.318116 0.010800 0.016284
2 0.683600 0.306775 0.015200 0.006979
3 0.685900 0.290346 0.009800 0.024135
3 0.575500 0.429631 0.010600 0.025298
2 0.575100 0.445915 0.011800 0.010759
1 0.574900 0.457110 0.010600 0.015121
4 0.601600 0.483862 0.012000 0.012794
4 0.521800 0.276534 0.013200 0.016284
4 0.494700 0.260541 0.009000 0.012213
1 0.574600 0.139139 0.012800 0.015411
3 0.574900 0.111806 0.012200 0.025298
2 0.574000 0.126926 0.014000 0.009014
4 0.480000 0.121547 0.011200 0.014539
3 0.466800 0.186973 0.011200 0.023263
2 0.464700 0.203111 0.013800 0.010759
1 0.466200 0.215470 0.011200 0.016865
0 0.485700 0.260832 0.009800 0.014539
3 0.426000 0.333382 0.017200 0.014248
0 0.342400 0.312300 0.010800 0.012794
4 0.350900 0.313754 0.008600 0.013958
4 0.414200 0.483135 0.009200 0.013667
4 0.415100 0.503199 0.009800 0.015411
0 0.406500 0.483135 0.009400 0.014248
4 0.324800 0.526025 0.009600 0.013958
3 0.459000 0.613260 0.010000 0.025589
2 0.456900 0.629980 0.011400 0.009596
1 0.458300 0.640157 0.010600 0.017738
0 0.340500 0.663274 0.010600 0.015121
4 0.349500 0.665310 0.008200 0.012794
4 0.325100 0.190172 0.011000 0.016865
