5 0.408700 0.703838 0.011000 0.015411
5 0.475100 0.711980 0.009400 0.015993
3 0.440900 0.688572 0.019400 0.014539
0 0.516800 0.767956 0.010400 0.013958
4 0.524700 0.769846 0.009400 0.012504
1 0.612000 0.776679 0.010800 0.013958
2 0.620600 0.777697 0.006400 0.017156
3 0.630600 0.780314 0.016800 0.014830
1 0.742800 0.631143 0.011600 0.015993
2 0.750600 0.630997 0.007200 0.019192
3 0.762000 0.633905 0.019200 0.016865
4 0.652200 0.546089 0.009600 0.012794
4 0.663900 0.504653 0.009800 0.011922
0 0.666500 0.493603 0.009800 0.015411
4 0.761000 0.493021 0.009600 0.016575
1 0.698400 0.467723 0.010400 0.015993
2 0.706000 0.466415 0.006400 0.018610
3 0.717700 0.470340 0.017800 0.013085
4 0.726000 0.264757 0.009600 0.015411
4 0.638100 0.294126 0.009000 0.013085
0 0.639500 0.281768 0.010600 0.013958
6 0.624700 0.309828 0.009400 0.025880
3 0.619400 0.402152 0.012400 0.026170
0 0.519600 0.362024 0.012400 0.015121
4 0.518000 0.373364 0.011200 0.013958
4 0.504100 0.374237 0.011400 0.017447
4 0.494200 0.240768 0.009200 0.016284
0 0.399500 0.256034 0.011800 0.014248
4 0.399400 0.267229 0.012800 0.013958
1 0.405900 0.426287 0.011400 0.017447
2 0.413700 0.425705 0.007000 0.018028
3 0.425600 0.427450 0.017200 0.016284
3 0.398400 0.510904 0.018000 0.013958
3 0.453000 0.517156 0.016400 0.016575
1 0.524000 0.609189 0.011200 0.016284
3 0.543500 0.611079 0.018200 0.017156
2 0.532000 0.608607 0.008400 0.018028
4 0.504400 0.646118 0.010800 0.013376
