4 0.482600 0.753707 0.011600 0.014539
4 0.628700 0.716633 0.011000 0.015411
0 0.630100 0.728264 0.011000 0.017156
0 0.387700 0.730590 0.009000 0.015993
4 0.387600 0.717796 0.010800 0.013085
6 0.615600 0.699477 0.008400 0.025880
3 0.613900 0.606136 0.012600 0.027043
4 0.511300 0.624600 0.011000 0.012213
0 0.512300 0.637104 0.009000 0.015121
4 0.498300 0.622855 0.009400 0.013958
3 0.421700 0.559610 0.018200 0.012504
2 0.410500 0.561937 0.007400 0.015993
1 0.402200 0.560628 0.010800 0.014539
3 0.644100 0.231026 0.019800 0.015993
2 0.633200 0.233934 0.007200 0.015993
1 0.624800 0.232626 0.010800 0.015121
1 0.748600 0.390375 0.011200 0.013667
2 0.756200 0.391538 0.006400 0.015993
3 0.767500 0.390230 0.017400 0.015702
4 0.654000 0.468450 0.010400 0.012794
4 0.664600 0.507124 0.011200 0.013376
0 0.665800 0.520064 0.009200 0.015411
1 0.696600 0.550451 0.010800 0.013958
2 0.704300 0.550741 0.006200 0.017447
3 0.715500 0.550305 0.017000 0.014830
4 0.760300 0.529805 0.011400 0.013958
5 0.418600 0.282931 0.009200 0.013376
5 0.485800 0.283658 0.009600 0.015993
3 0.449800 0.303140 0.018400 0.013667
4 0.511300 0.350974 0.009800 0.012794
3 0.548600 0.390811 0.018800 0.015702
1 0.528700 0.390811 0.011000 0.014539
2 0.537600 0.392265 0.006400 0.017447
3 0.398900 0.476156 0.016200 0.013085
3 0.454000 0.475284 0.017200 0.013085
0 0.529100 0.231463 0.011400 0.013376
4 0.537200 0.230590 0.008400 0.015121
4 0.714200 0.754580 0.010800 0.011050
