0 0.612700 0.732917 0.010600 0.014830
4 0.613800 0.722303 0.010400 0.015121
4 0.517800 0.757778 0.010800 0.015121
4 0.501200 0.625763 0.008800 0.014539
4 0.489700 0.628380 0.009800 0.013958
0 0.488100 0.639430 0.009800 0.015702
0 0.371400 0.731317 0.010000 0.015121
4 0.372000 0.719541 0.010000 0.013667
6 0.384900 0.702094 0.007400 0.025298
3 0.384600 0.608898 0.010400 0.026752
1 0.597600 0.563681 0.012000 0.015411
2 0.589100 0.565135 0.006200 0.018319
3 0.578100 0.562809 0.017800 0.016575
3 0.601200 0.478628 0.018800 0.013376
3 0.546000 0.478628 0.018000 0.013958
3 0.451400 0.393283 0.016800 0.018319
2 0.462500 0.394591 0.007000 0.019192
1 0.471400 0.393719 0.011600 0.017447
4 0.489000 0.355336 0.010000 0.018028
3 0.549100 0.305467 0.018200 0.015411
5 0.514600 0.287293 0.012000 0.012794
5 0.581400 0.286275 0.010400 0.016575
5 0.462400 0.233498 0.010000 0.016284
0 0.471400 0.233644 0.011200 0.015993
1 0.375000 0.235243 0.011200 0.013376
1 0.251900 0.393283 0.013000 0.017738
3 0.232700 0.391538 0.019000 0.014248
2 0.243200 0.394591 0.007600 0.022099
3 0.355300 0.232771 0.017000 0.015411
2 0.367300 0.235534 0.005800 0.018028
4 0.345500 0.470049 0.008600 0.015411
4 0.336100 0.510904 0.009400 0.013376
0 0.334600 0.522536 0.010800 0.015702
1 0.303400 0.552341 0.012400 0.016575
2 0.295800 0.553795 0.007200 0.019482
3 0.284400 0.551468 0.018000 0.017738
4 0.239600 0.531695 0.010400 0.014248
4 0.286000 0.758215 0.011600 0.012504
