4 0.517600 0.245420 0.011600 0.013958
0 0.612100 0.269410 0.009800 0.015411
4 0.613400 0.282204 0.009200 0.015411
0 0.488200 0.362460 0.010800 0.014248
4 0.489800 0.375836 0.008800 0.015411
4 0.502100 0.377290 0.010200 0.014248
3 0.577700 0.439517 0.019000 0.014830
2 0.589800 0.439227 0.008000 0.017738
1 0.597200 0.437918 0.011200 0.016284
3 0.601800 0.523990 0.018000 0.012794
3 0.546700 0.524862 0.019000 0.013958
3 0.549200 0.697441 0.017600 0.013667
3 0.451600 0.610643 0.015600 0.014539
2 0.463200 0.608026 0.008400 0.016284
1 0.470200 0.608898 0.011600 0.016284
0 0.470500 0.768537 0.012200 0.012213
4 0.462700 0.769119 0.009400 0.013376
5 0.514600 0.715906 0.011600 0.013376
5 0.581100 0.716633 0.010200 0.015993
4 0.488000 0.648008 0.010400 0.017738
1 0.375100 0.768392 0.011800 0.013667
2 0.367500 0.768247 0.006200 0.015702
3 0.355100 0.768974 0.017400 0.014248
3 0.232400 0.610061 0.017200 0.016865
2 0.243900 0.608462 0.007800 0.018319
1 0.252000 0.608171 0.013200 0.014830
4 0.335600 0.492003 0.008800 0.013376
4 0.346600 0.531986 0.010000 0.014248
0 0.334900 0.479791 0.009400 0.015121
4 0.239000 0.470486 0.010800 0.016284
3 0.284400 0.451876 0.018400 0.012794
2 0.296100 0.449840 0.005800 0.019192
1 0.304600 0.451149 0.012400 0.015411
3 0.384400 0.394737 0.008800 0.026461
6 0.384600 0.301105 0.009200 0.029369
0 0.370500 0.271736 0.010200 0.014248
4 0.372600 0.283658 0.011600 0.015411
4 0.285600 0.244693 0.010000 0.014248
