4 0.481600 0.755888 0.010800 0.013085
4 0.387100 0.721867 0.010200 0.014830
0 0.388200 0.733207 0.010000 0.015993
0 0.513000 0.635068 0.013200 0.017447
4 0.498700 0.624164 0.011400 0.018901
4 0.511600 0.625909 0.011200 0.017738
1 0.402400 0.561210 0.012000 0.020936
2 0.410300 0.562954 0.007400 0.019773
3 0.422200 0.563827 0.017600 0.018028
3 0.398400 0.477028 0.016000 0.017738
3 0.454100 0.477464 0.017800 0.015702
6 0.616100 0.699913 0.007800 0.030823
4 0.627400 0.717941 0.008400 0.017447
0 0.629700 0.729863 0.010600 0.018610
1 0.529200 0.392265 0.010800 0.019773
2 0.536600 0.395318 0.008000 0.020646
3 0.548900 0.392411 0.019000 0.020646
3 0.450400 0.304158 0.018000 0.016865
5 0.418900 0.286420 0.011000 0.015121
5 0.485800 0.286420 0.010400 0.012794
0 0.529500 0.232190 0.010200 0.018901
4 0.538100 0.232190 0.011800 0.017156
1 0.625100 0.233353 0.011400 0.019482
2 0.633000 0.235534 0.007600 0.017447
3 0.644600 0.233353 0.018400 0.019482
3 0.767500 0.391102 0.017400 0.020355
2 0.756100 0.394301 0.008600 0.016865
1 0.748000 0.391102 0.013200 0.019192
4 0.654200 0.468596 0.011600 0.017156
4 0.664700 0.509160 0.011000 0.018028
0 0.665700 0.522536 0.011400 0.013958
3 0.715700 0.549433 0.018600 0.016575
2 0.704200 0.553359 0.008000 0.018610
1 0.696100 0.552341 0.012600 0.017156
4 0.759600 0.531841 0.010800 0.015702
4 0.713800 0.756034 0.010800 0.013958
3 0.614500 0.607153 0.011000 0.030823
4 0.511800 0.351846 0.012400 0.016865
