3 0.708300 0.660803 0.017800 0.023553
1 0.687700 0.670980 0.012600 0.015993
2 0.696500 0.666473 0.008200 0.018610
4 0.611800 0.724048 0.010800 0.016865
0 0.601600 0.727246 0.009600 0.017447
4 0.550600 0.631434 0.012000 0.015411
1 0.555100 0.582001 0.009800 0.018901
2 0.564100 0.576767 0.008200 0.017156
3 0.576000 0.573132 0.015600 0.018028
5 0.545600 0.705874 0.011600 0.017156
1 0.755700 0.451730 0.009800 0.017156
2 0.764500 0.448095 0.006600 0.016865
3 0.776200 0.445188 0.016800 0.016865
4 0.650300 0.438500 0.011400 0.019773
4 0.728600 0.319570 0.012400 0.017447
1 0.663600 0.337889 0.010800 0.018028
2 0.672300 0.332800 0.007800 0.017156
3 0.684200 0.330329 0.017200 0.019773
3 0.647300 0.396918 0.012200 0.013958
0 0.646200 0.383396 0.010800 0.015411
3 0.575300 0.334545 0.015000 0.027624
4 0.623200 0.140302 0.010400 0.018901
0 0.555200 0.214016 0.012000 0.014539
4 0.556300 0.226665 0.011000 0.015411
6 0.550200 0.250654 0.012800 0.029660
0 0.474200 0.366967 0.011600 0.013958
4 0.464400 0.389067 0.011600 0.018610
4 0.475500 0.380489 0.013800 0.014830
4 0.411300 0.277697 0.010600 0.018028
3 0.413000 0.492730 0.016800 0.019482
2 0.401000 0.496365 0.008400 0.019192
1 0.392600 0.500291 0.010800 0.015993
0 0.333900 0.354318 0.011000 0.014830
4 0.334900 0.367985 0.010600 0.014248
3 0.464400 0.549724 0.018000 0.020064
3 0.413300 0.582001 0.019800 0.022390
3 0.510300 0.709509 0.021000 0.019773
