5 0.581400 0.716197 0.010800 0.013376
5 0.515700 0.716924 0.012200 0.015993
3 0.549500 0.697441 0.019400 0.014248
3 0.545900 0.525443 0.018200 0.015121
3 0.601500 0.523844 0.016600 0.011922
1 0.597300 0.439517 0.011400 0.014830
3 0.577700 0.439663 0.018200 0.013958
2 0.589500 0.438936 0.006200 0.017738
1 0.471300 0.609916 0.013000 0.016575
2 0.462900 0.609043 0.005800 0.016575
3 0.451400 0.609916 0.017200 0.013667
3 0.385000 0.393283 0.011600 0.024716
4 0.489300 0.374964 0.009400 0.013667
4 0.501900 0.377581 0.009400 0.015993
0 0.488300 0.363042 0.010600 0.015411
0 0.371700 0.270864 0.010600 0.015411
4 0.372300 0.282640 0.009400 0.015121
4 0.517800 0.245856 0.010400 0.013667
4 0.614000 0.281768 0.009600 0.013958
0 0.613400 0.268974 0.011200 0.014539
4 0.286200 0.244257 0.009200 0.012213
3 0.284500 0.451585 0.018200 0.013958
2 0.296100 0.449404 0.006200 0.017738
1 0.303800 0.450276 0.011200 0.015411
4 0.240100 0.470195 0.009800 0.016865
0 0.470500 0.769555 0.011800 0.014248
4 0.462700 0.769991 0.009800 0.015121
4 0.488800 0.648444 0.008800 0.013376
3 0.232600 0.610497 0.018000 0.014248
1 0.375000 0.768247 0.010400 0.014539
3 0.355200 0.769410 0.018400 0.013376
2 0.367400 0.768392 0.006000 0.017156
2 0.244300 0.608316 0.007000 0.018028
1 0.251200 0.609479 0.011200 0.014539
4 0.345700 0.532568 0.010200 0.014248
4 0.336000 0.491713 0.009200 0.013958
0 0.335100 0.478918 0.009800 0.014539
6 0.384300 0.300814 0.008200 0.027043
