3 0.648700 0.765193 0.017400 0.013085
1 0.628200 0.764466 0.010800 0.013958
2 0.636600 0.763885 0.006400 0.016865
0 0.532800 0.767810 0.010400 0.013085
4 0.540900 0.769410 0.009800 0.012213
1 0.749300 0.602646 0.012200 0.014830
2 0.757500 0.602210 0.006200 0.018028
3 0.769000 0.603518 0.018000 0.013085
3 0.550500 0.608607 0.016200 0.012794
2 0.538400 0.607735 0.007200 0.018610
1 0.530300 0.607735 0.010600 0.013376
4 0.512400 0.647863 0.011600 0.015121
4 0.654800 0.528642 0.010000 0.013376
4 0.664000 0.486624 0.009200 0.014830
0 0.665600 0.475429 0.011600 0.015121
4 0.759000 0.463652 0.010800 0.015993
1 0.695600 0.444751 0.011600 0.013667
2 0.703900 0.444315 0.007400 0.018610
3 0.715100 0.444461 0.017400 0.014830
4 0.510400 0.374527 0.010400 0.012213
0 0.510400 0.362751 0.010400 0.014830
3 0.615200 0.391974 0.011200 0.024426
6 0.613700 0.297906 0.007000 0.026461
4 0.626000 0.280169 0.011600 0.013667
0 0.627000 0.267520 0.010400 0.016284
4 0.710400 0.240186 0.010400 0.015702
4 0.478600 0.246438 0.010400 0.014830
0 0.385200 0.272172 0.010000 0.014539
4 0.385000 0.283803 0.013600 0.013376
4 0.496500 0.377290 0.011000 0.015993
1 0.401800 0.440390 0.011600 0.014830
2 0.410200 0.439663 0.006400 0.018610
3 0.421900 0.442571 0.019000 0.013376
3 0.398700 0.526316 0.017800 0.013958
3 0.453700 0.526607 0.018200 0.015121
3 0.453200 0.698459 0.018800 0.015121
5 0.421300 0.717796 0.010200 0.015993
5 0.487700 0.716778 0.012600 0.015702
