5 0.332700 0.469322 0.011400 0.015121
5 0.372300 0.392265 0.013000 0.015702
4 0.423000 0.399971 0.009600 0.014248
1 0.457100 0.404042 0.011000 0.014830
2 0.461700 0.393428 0.012200 0.012794
3 0.359200 0.441407 0.017200 0.024426
3 0.429100 0.606717 0.013800 0.022972
3 0.459700 0.541727 0.015800 0.022681
1 0.477900 0.652806 0.013000 0.015121
2 0.482200 0.641466 0.012400 0.012794
3 0.486200 0.626199 0.014800 0.023553
0 0.368600 0.309974 0.010000 0.013958
4 0.371400 0.294853 0.010000 0.013958
3 0.467000 0.376708 0.017200 0.020646
1 0.425200 0.197732 0.012000 0.015702
2 0.429600 0.187264 0.011200 0.013376
3 0.434100 0.170689 0.014200 0.023263
1 0.586500 0.145973 0.011400 0.015121
2 0.590100 0.135359 0.010600 0.011922
3 0.594700 0.119511 0.013000 0.022681
4 0.670200 0.213580 0.010400 0.014830
3 0.652300 0.273190 0.015800 0.023553
4 0.574300 0.298779 0.009800 0.014830
4 0.600600 0.313609 0.008800 0.016575
0 0.609900 0.316226 0.010200 0.015411
1 0.643700 0.299942 0.011000 0.016575
2 0.648100 0.289038 0.012600 0.014539
4 0.768000 0.399099 0.010800 0.017738
4 0.694800 0.477901 0.009200 0.016575
0 0.704700 0.481099 0.011000 0.016575
3 0.628100 0.425269 0.017800 0.021227
6 0.679400 0.480663 0.016400 0.020936
4 0.574400 0.561937 0.009600 0.014248
0 0.584500 0.565281 0.009400 0.015121
4 0.568900 0.572986 0.009000 0.014248
4 0.554200 0.763885 0.007600 0.013958
0 0.563700 0.766502 0.009800 0.015121
4 0.631300 0.672143 0.011400 0.014830
