0 0.387500 0.269410 0.009400 0.014248
4 0.388000 0.281186 0.012000 0.012794
4 0.482000 0.246002 0.009600 0.014539
4 0.499100 0.377871 0.009000 0.013667
4 0.512000 0.374818 0.012000 0.013376
0 0.512400 0.363187 0.010800 0.015121
1 0.401900 0.439517 0.011000 0.015411
2 0.410100 0.438209 0.006200 0.018028
3 0.422400 0.439372 0.018400 0.012794
3 0.398200 0.525734 0.017600 0.016284
3 0.453700 0.526316 0.015800 0.015121
3 0.450800 0.696423 0.018000 0.013376
4 0.512300 0.648444 0.011800 0.015702
5 0.485200 0.717360 0.009200 0.015702
5 0.418200 0.717214 0.010000 0.015411
1 0.528300 0.608607 0.011400 0.013958
2 0.536900 0.608607 0.007400 0.018028
3 0.548500 0.608316 0.015400 0.017447
0 0.529500 0.769119 0.009800 0.013958
4 0.537700 0.768828 0.009000 0.011631
1 0.624500 0.767520 0.011400 0.014830
2 0.632500 0.767810 0.007400 0.016575
3 0.644500 0.768974 0.017800 0.012504
6 0.615800 0.300233 0.008000 0.025880
3 0.615200 0.392411 0.011200 0.027043
4 0.654200 0.533149 0.009200 0.013667
4 0.664500 0.491131 0.009400 0.013376
0 0.665500 0.478773 0.009400 0.016575
0 0.629000 0.271300 0.009200 0.014539
4 0.629400 0.283658 0.011200 0.013085
4 0.713300 0.245711 0.009800 0.015702
1 0.696500 0.450422 0.010600 0.015121
2 0.703700 0.449695 0.005800 0.019482
3 0.715200 0.450276 0.017200 0.015411
4 0.760000 0.469759 0.007600 0.012504
1 0.747100 0.609189 0.013000 0.015121
2 0.756400 0.609625 0.006000 0.018319
3 0.767700 0.609479 0.017400 0.015702
