1 0.597400 0.439517 0.012000 0.016575
2 0.589900 0.438936 0.007000 0.018901
3 0.578100 0.440680 0.017800 0.015411
3 0.601500 0.525589 0.018600 0.017738
3 0.545600 0.524280 0.017600 0.013958
3 0.549200 0.696278 0.018800 0.015993
4 0.489100 0.649171 0.010600 0.014248
5 0.581200 0.715324 0.010400 0.014539
5 0.514600 0.715324 0.010800 0.013376
0 0.470200 0.769119 0.011600 0.015121
4 0.462400 0.769264 0.010400 0.014248
3 0.451000 0.609916 0.019600 0.015411
2 0.463100 0.609189 0.007800 0.019773
1 0.470300 0.609334 0.011400 0.014830
4 0.501900 0.377726 0.010200 0.015121
4 0.488500 0.375400 0.010200 0.013958
0 0.489000 0.363187 0.011600 0.015702
0 0.613100 0.268974 0.009800 0.014539
4 0.615400 0.280459 0.008800 0.014248
4 0.517700 0.244548 0.009800 0.014539
3 0.384500 0.393719 0.010200 0.026752
0 0.371200 0.271009 0.011200 0.016865
4 0.372400 0.283658 0.010400 0.017738
6 0.384200 0.300378 0.008000 0.025589
0 0.335500 0.479791 0.010600 0.015121
4 0.336700 0.491713 0.010200 0.015702
1 0.303600 0.450276 0.012400 0.015993
4 0.345800 0.531986 0.010400 0.015411
3 0.284600 0.451003 0.018000 0.012794
1 0.374500 0.768101 0.011000 0.014830
2 0.367200 0.767956 0.007600 0.016865
3 0.355600 0.769410 0.018000 0.013958
3 0.232700 0.610352 0.018600 0.013376
2 0.243600 0.607880 0.007200 0.019482
1 0.252300 0.609916 0.011800 0.015993
4 0.286400 0.244984 0.010400 0.015993
