3 0.483900 0.647863 0.009800 0.027334
3 0.482700 0.566589 0.011400 0.024135
3 0.364000 0.572550 0.010800 0.026170
4 0.650500 0.664292 0.011000 0.014830
0 0.658300 0.663129 0.010200 0.013085
4 0.675600 0.525880 0.008800 0.015993
4 0.583500 0.503199 0.009800 0.015993
4 0.586500 0.483716 0.010200 0.013085
0 0.594100 0.482408 0.009800 0.015702
3 0.572700 0.334109 0.018600 0.015702
3 0.423900 0.428758 0.011800 0.024716
1 0.425600 0.458127 0.010400 0.013085
2 0.425900 0.446787 0.013800 0.009596
4 0.398500 0.485461 0.010600 0.013085
4 0.650000 0.313463 0.010000 0.015702
0 0.656800 0.312882 0.009200 0.012794
6 0.637300 0.332073 0.019000 0.009887
4 0.477400 0.275662 0.009200 0.013376
4 0.505900 0.261704 0.009800 0.011050
0 0.514100 0.259523 0.009800 0.012504
1 0.535400 0.214452 0.010400 0.014830
2 0.536100 0.203548 0.014600 0.008723
3 0.534700 0.185955 0.013800 0.024135
1 0.425600 0.139721 0.013200 0.015411
4 0.676100 0.190026 0.009000 0.017156
4 0.520000 0.122419 0.011600 0.016284
3 0.424600 0.110497 0.013200 0.022681
3 0.315600 0.291073 0.013600 0.023263
2 0.316100 0.307066 0.013400 0.009887
1 0.316300 0.319279 0.011400 0.015702
4 0.314300 0.444751 0.008200 0.014248
0 0.316100 0.457400 0.011000 0.016865
5 0.351600 0.521663 0.010800 0.014539
5 0.351900 0.618203 0.009400 0.012213
3 0.542400 0.613114 0.012800 0.024716
2 0.542400 0.630125 0.014800 0.009305
1 0.542200 0.640884 0.012400 0.016284
