4 0.532500 0.753271 0.010200 0.015411
4 0.432500 0.757051 0.010200 0.014830
0 0.437300 0.765339 0.010200 0.016865
0 0.537900 0.624746 0.010200 0.018319
4 0.533700 0.615877 0.010600 0.016284
4 0.522500 0.618639 0.010600 0.017738
3 0.436300 0.588252 0.018200 0.019192
1 0.418900 0.598575 0.012200 0.017156
2 0.425400 0.595522 0.008000 0.019192
3 0.632000 0.556412 0.013200 0.027624
4 0.754600 0.660366 0.011600 0.015702
4 0.663200 0.657313 0.011200 0.014248
0 0.669000 0.667054 0.011200 0.017447
4 0.658700 0.443152 0.010200 0.016865
4 0.643200 0.406659 0.009200 0.017738
0 0.662800 0.452166 0.011200 0.018028
1 0.698800 0.469904 0.011200 0.018028
3 0.715700 0.458854 0.016600 0.019773
2 0.705900 0.468014 0.008600 0.020064
3 0.399100 0.519046 0.018600 0.016865
3 0.452600 0.496656 0.017600 0.016284
1 0.508500 0.383687 0.012200 0.017156
2 0.515400 0.381652 0.007200 0.020064
3 0.525900 0.374382 0.019400 0.018319
3 0.414700 0.331201 0.019400 0.018610
5 0.446400 0.299215 0.012800 0.015702
5 0.381700 0.325095 0.011400 0.016284
0 0.479000 0.229863 0.011600 0.017156
4 0.484900 0.225792 0.011800 0.014830
1 0.570200 0.193516 0.011600 0.020064
2 0.576900 0.190462 0.008200 0.020355
3 0.587000 0.184356 0.018000 0.019773
4 0.482700 0.353882 0.012200 0.016865
4 0.757700 0.426287 0.012200 0.016865
1 0.719000 0.295871 0.010800 0.018319
2 0.726100 0.293545 0.009000 0.020064
3 0.738500 0.287002 0.023400 0.022099
