5 0.604100 0.655278 0.013400 0.017156
5 0.560700 0.728846 0.011800 0.017738
3 0.572900 0.683338 0.016200 0.025007
0 0.659600 0.637976 0.010800 0.015121
4 0.668200 0.634051 0.010800 0.015411
1 0.721000 0.530823 0.011600 0.016575
2 0.726600 0.523117 0.011200 0.015121
3 0.735100 0.514539 0.017400 0.022390
4 0.584300 0.585054 0.012600 0.015702
3 0.446900 0.627217 0.016600 0.025007
3 0.482600 0.565426 0.015200 0.021227
3 0.590200 0.519046 0.017600 0.025589
2 0.580700 0.528787 0.012200 0.017738
1 0.576300 0.536202 0.013000 0.019773
1 0.405500 0.568915 0.012200 0.017156
2 0.410200 0.559901 0.011600 0.014830
3 0.418900 0.549288 0.016600 0.022099
0 0.306800 0.474702 0.010800 0.014830
4 0.311300 0.486624 0.011800 0.014248
4 0.435100 0.422216 0.011800 0.016284
4 0.441400 0.408840 0.013600 0.015121
0 0.437000 0.396772 0.011600 0.016575
4 0.354300 0.355045 0.012200 0.016284
6 0.469700 0.243094 0.019400 0.022681
0 0.463200 0.207764 0.013200 0.015411
4 0.467600 0.219541 0.010400 0.017447
3 0.518200 0.301832 0.018000 0.026170
4 0.617200 0.348212 0.011200 0.018319
0 0.596000 0.301250 0.010800 0.016284
1 0.716400 0.292236 0.013200 0.016865
2 0.721000 0.284821 0.010800 0.014830
3 0.729800 0.274353 0.018400 0.024135
4 0.650500 0.190608 0.012200 0.017738
1 0.598800 0.248328 0.010400 0.016865
2 0.604600 0.239750 0.012000 0.017156
3 0.612900 0.230445 0.016200 0.022972
4 0.502600 0.097267 0.011200 0.017156
