0 0.612700 0.733062 0.010600 0.015702
4 0.613600 0.722739 0.009600 0.013667
4 0.518100 0.757488 0.010200 0.012213
0 0.371100 0.730881 0.009000 0.014248
4 0.372300 0.720268 0.009000 0.014539
6 0.384400 0.701803 0.007600 0.027043
3 0.384700 0.608753 0.011400 0.024716
0 0.488300 0.638412 0.009400 0.014830
4 0.489300 0.627799 0.010600 0.014539
4 0.501900 0.625473 0.010200 0.013958
3 0.577900 0.564844 0.017400 0.017156
2 0.590000 0.564699 0.006800 0.017447
1 0.597800 0.563972 0.010800 0.014248
3 0.546100 0.478482 0.017800 0.013667
3 0.601900 0.478337 0.017400 0.012213
3 0.451800 0.392556 0.018400 0.012794
2 0.463200 0.394737 0.006800 0.017738
1 0.471100 0.393574 0.011400 0.015993
4 0.489200 0.353591 0.008800 0.014539
3 0.549300 0.306339 0.019800 0.015411
5 0.514700 0.286711 0.010200 0.012213
5 0.580900 0.287729 0.009800 0.011341
4 0.462300 0.233207 0.010200 0.014539
0 0.471300 0.233207 0.011400 0.015121
3 0.355600 0.233934 0.018000 0.016575
3 0.232400 0.394155 0.016800 0.019482
2 0.367600 0.236261 0.007200 0.019482
1 0.375500 0.234225 0.011400 0.014830
2 0.243500 0.394737 0.007000 0.018319
1 0.252200 0.394591 0.011600 0.015121
4 0.346500 0.471213 0.010600 0.015993
4 0.336900 0.511486 0.009400 0.015702
0 0.335100 0.522681 0.011000 0.015411
4 0.239700 0.532858 0.010200 0.013667
3 0.284300 0.551905 0.016600 0.018028
2 0.296500 0.553359 0.008600 0.018028
1 0.303800 0.552922 0.012000 0.017738
