4 0.518500 0.755598 0.011800 0.010759
0 0.370900 0.728119 0.009000 0.016284
4 0.372100 0.717069 0.010200 0.013958
6 0.384500 0.699477 0.007400 0.027624
0 0.612300 0.729863 0.009000 0.012794
4 0.613000 0.718668 0.010400 0.013667
0 0.488000 0.636086 0.008800 0.014830
4 0.488900 0.624891 0.009000 0.012794
4 0.501400 0.622855 0.009200 0.014539
1 0.597200 0.561500 0.012000 0.015121
2 0.589600 0.561500 0.005600 0.018028
3 0.578100 0.561064 0.016600 0.014830
3 0.384500 0.605845 0.010600 0.027624
3 0.545800 0.475574 0.017600 0.012504
3 0.601100 0.476156 0.017400 0.013085
3 0.451300 0.391247 0.017400 0.015411
2 0.463100 0.392701 0.007400 0.017156
1 0.471000 0.391247 0.010800 0.014248
4 0.488600 0.351265 0.009200 0.016284
3 0.549400 0.302413 0.018800 0.014539
5 0.514700 0.284385 0.010200 0.012794
5 0.581100 0.284676 0.011400 0.013376
4 0.462300 0.231172 0.008200 0.013376
0 0.471000 0.231172 0.010800 0.013376
3 0.355700 0.231026 0.017400 0.015993
2 0.366600 0.232190 0.007600 0.015993
1 0.375400 0.231753 0.010400 0.014539
3 0.232300 0.389212 0.018600 0.015411
2 0.243500 0.391829 0.007000 0.017156
1 0.252400 0.391538 0.011600 0.014830
4 0.345900 0.467142 0.009800 0.015411
4 0.335700 0.508433 0.010600 0.012504
0 0.334900 0.519046 0.010200 0.015702
4 0.239700 0.529805 0.010200 0.015121
3 0.284300 0.549288 0.018600 0.016865
2 0.296200 0.551178 0.007600 0.018319
1 0.304000 0.550160 0.012400 0.014539
4 0.286600 0.756325 0.009200 0.009305
