4 0.293300 0.233789 0.009000 0.014539
4 0.333600 0.350829 0.009200 0.014830
3 0.409500 0.351410 0.019400 0.017156
0 0.324300 0.350683 0.009000 0.018028
1 0.435500 0.226519 0.011400 0.016865
2 0.433700 0.214743 0.012600 0.011922
3 0.433500 0.197296 0.011800 0.024716
4 0.438800 0.131434 0.011200 0.015702
0 0.460300 0.266502 0.010600 0.015993
4 0.469200 0.265775 0.010400 0.014539
3 0.534200 0.097412 0.012800 0.026170
2 0.532900 0.114568 0.013800 0.011631
1 0.535500 0.127217 0.010600 0.017156
4 0.497700 0.274062 0.011800 0.014248
3 0.661500 0.249491 0.011800 0.026170
2 0.661500 0.268101 0.011800 0.010468
1 0.662700 0.278715 0.011000 0.015411
1 0.569700 0.442571 0.011400 0.018028
3 0.568100 0.412765 0.012600 0.026461
2 0.568000 0.429921 0.014800 0.009596
4 0.599500 0.460890 0.011000 0.016865
4 0.678000 0.402588 0.010000 0.014248
0 0.678300 0.415819 0.010600 0.015702
5 0.647800 0.488369 0.009600 0.016575
5 0.659500 0.582146 0.009800 0.018610
3 0.642300 0.539983 0.011000 0.026170
3 0.523800 0.562954 0.013600 0.027334
3 0.531600 0.643065 0.012400 0.026461
0 0.405000 0.503053 0.011600 0.014539
4 0.414700 0.503926 0.011000 0.016865
4 0.416500 0.520791 0.010600 0.015121
4 0.329700 0.566153 0.010600 0.013376
6 0.346200 0.365659 0.020000 0.012504
0 0.360500 0.698313 0.009800 0.015411
4 0.369900 0.696860 0.010200 0.015993
1 0.474000 0.650189 0.011600 0.016865
2 0.471900 0.637831 0.013800 0.010759
3 0.472600 0.620238 0.011200 0.024426
