4 0.581400 0.748037 0.010000 0.015993
0 0.591800 0.749346 0.010800 0.017447
4 0.648600 0.639430 0.011600 0.016865
1 0.493300 0.655714 0.011800 0.016284
2 0.496600 0.644228 0.012000 0.011922
3 0.500800 0.627217 0.015600 0.027915
4 0.575800 0.556993 0.010800 0.017156
4 0.580800 0.542890 0.009200 0.016865
0 0.590800 0.544490 0.010800 0.017156
3 0.464300 0.551032 0.015800 0.024426
4 0.690600 0.432248 0.009600 0.018319
0 0.700300 0.435010 0.010600 0.015702
6 0.675200 0.440971 0.018400 0.020646
3 0.619000 0.398517 0.017200 0.024716
4 0.754200 0.341233 0.011600 0.016575
4 0.550900 0.284385 0.012600 0.018610
4 0.578000 0.290346 0.011600 0.019482
0 0.588600 0.294708 0.011200 0.017156
1 0.619900 0.270573 0.011800 0.015411
2 0.623600 0.258651 0.012400 0.011922
3 0.626700 0.241058 0.015800 0.026170
4 0.637600 0.177668 0.012000 0.014539
1 0.545900 0.131434 0.013000 0.016284
2 0.550200 0.118785 0.012400 0.013085
3 0.553900 0.102501 0.016200 0.024716
3 0.399600 0.189590 0.016400 0.024426
2 0.396500 0.207037 0.012600 0.013958
1 0.393600 0.218959 0.010800 0.015121
0 0.349600 0.341233 0.011200 0.012504
4 0.352000 0.326694 0.012800 0.013667
4 0.412900 0.419017 0.012200 0.016284
1 0.446700 0.414510 0.011400 0.015411
2 0.450800 0.402588 0.012000 0.011922
3 0.454500 0.385432 0.017400 0.024135
5 0.361300 0.422361 0.011400 0.016575
5 0.330800 0.508142 0.014000 0.016575
3 0.355100 0.473393 0.013800 0.030823
3 0.440600 0.622274 0.014000 0.023844
