1 0.457800 0.641756 0.010400 0.016865
0 0.340900 0.662983 0.011800 0.012794
4 0.349800 0.664874 0.009600 0.013667
3 0.458600 0.613841 0.010800 0.025007
3 0.516000 0.646845 0.008800 0.024135
3 0.517100 0.565862 0.009000 0.022681
3 0.635800 0.572696 0.011200 0.026461
5 0.649200 0.617767 0.010800 0.015411
5 0.649200 0.522826 0.011600 0.016865
4 0.602200 0.484734 0.010000 0.012213
1 0.575400 0.457837 0.011200 0.015993
0 0.684900 0.457691 0.009800 0.016284
0 0.405700 0.482553 0.010200 0.013667
4 0.414800 0.482989 0.009200 0.013958
4 0.415600 0.502326 0.010800 0.014830
4 0.686200 0.445333 0.011200 0.012504
3 0.575200 0.429049 0.012800 0.025880
3 0.426800 0.332364 0.017600 0.015121
6 0.362500 0.331928 0.019400 0.012504
0 0.342300 0.312445 0.012200 0.015993
4 0.350900 0.314045 0.009400 0.012794
4 0.324400 0.526461 0.009600 0.014830
4 0.324700 0.189008 0.010200 0.015121
3 0.466800 0.186246 0.010800 0.023553
2 0.464900 0.202384 0.011800 0.009305
1 0.465600 0.215324 0.011200 0.018901
0 0.485600 0.259959 0.010400 0.016284
4 0.493900 0.261849 0.009400 0.014248
4 0.522000 0.275952 0.009600 0.015702
4 0.480000 0.121692 0.011600 0.014830
3 0.576100 0.111806 0.012600 0.024716
3 0.685100 0.289328 0.013000 0.024426
2 0.683400 0.306484 0.013600 0.008723
1 0.683700 0.318552 0.010200 0.015411
