1 0.537700 0.645827 0.009400 0.014539
2 0.532900 0.636377 0.009800 0.013085
3 0.527500 0.621983 0.015400 0.021518
3 0.582200 0.589270 0.017600 0.021809
3 0.541700 0.532568 0.015800 0.020064
3 0.628800 0.408985 0.016800 0.022972
5 0.610900 0.364205 0.010600 0.012504
5 0.659400 0.431085 0.010400 0.014830
1 0.528000 0.395609 0.009600 0.017156
2 0.523300 0.386595 0.010600 0.014248
3 0.517000 0.370747 0.016000 0.021518
4 0.562900 0.385432 0.010600 0.015993
4 0.601700 0.268683 0.009800 0.015121
0 0.604000 0.280896 0.010400 0.016865
1 0.535900 0.184647 0.009800 0.015121
2 0.530100 0.175632 0.011000 0.013958
3 0.524600 0.162256 0.014400 0.023263
3 0.359100 0.151207 0.016200 0.019773
2 0.365400 0.164874 0.009600 0.014539
1 0.370600 0.175632 0.010000 0.015702
4 0.402600 0.321896 0.012000 0.016284
4 0.377200 0.343123 0.010800 0.013376
0 0.369700 0.348212 0.009000 0.015411
4 0.296400 0.262431 0.011200 0.016575
3 0.321500 0.318407 0.014200 0.022681
2 0.326700 0.333236 0.009400 0.014539
1 0.332200 0.340070 0.010400 0.017156
4 0.222100 0.472085 0.009800 0.015993
0 0.296100 0.533731 0.010200 0.014830
4 0.303500 0.529951 0.011000 0.014248
6 0.319800 0.528787 0.013600 0.023553
3 0.363700 0.461471 0.014600 0.025589
4 0.432700 0.582582 0.009000 0.014830
0 0.423700 0.587235 0.010600 0.019482
4 0.440700 0.591596 0.011000 0.016575
0 0.388300 0.704711 0.011800 0.017156
0 0.468700 0.780896 0.009800 0.014830
4 0.476900 0.775662 0.010200 0.014830
