1 0.624900 0.231608 0.011400 0.013667
2 0.633000 0.232480 0.005200 0.017156
3 0.643800 0.230590 0.018000 0.016284
3 0.767200 0.390230 0.017200 0.016865
2 0.756200 0.391829 0.007200 0.017738
1 0.748100 0.391102 0.011400 0.013958
4 0.664300 0.507997 0.008600 0.014539
4 0.653600 0.467287 0.008800 0.013958
0 0.665000 0.519628 0.009600 0.013958
1 0.696500 0.550160 0.012200 0.013376
2 0.703500 0.551323 0.007400 0.017447
3 0.715500 0.549578 0.017000 0.015121
4 0.759800 0.529369 0.011200 0.013667
3 0.615500 0.606136 0.010200 0.025880
6 0.615600 0.699477 0.007200 0.025880
4 0.627600 0.716197 0.009200 0.013958
0 0.629300 0.728119 0.009800 0.014539
4 0.713400 0.754580 0.010000 0.013376
4 0.482500 0.754144 0.010200 0.013085
4 0.386800 0.719395 0.009200 0.012794
0 0.388300 0.730300 0.011000 0.013085
4 0.498900 0.622419 0.008200 0.013667
4 0.511400 0.624455 0.008800 0.014830
0 0.512100 0.636813 0.011800 0.014539
1 0.402400 0.560919 0.011200 0.013958
2 0.411100 0.562227 0.007400 0.017156
3 0.422400 0.560919 0.017200 0.015121
3 0.398400 0.475284 0.018800 0.012504
3 0.454200 0.474702 0.019200 0.014248
1 0.529400 0.391102 0.010400 0.013958
2 0.537000 0.392411 0.005600 0.016575
3 0.548500 0.391393 0.018200 0.016865
3 0.450600 0.303286 0.018400 0.014539
5 0.484900 0.284240 0.011800 0.013085
5 0.419200 0.282931 0.010000 0.012794
4 0.511200 0.350974 0.009600 0.015121
0 0.530100 0.232044 0.010600 0.013376
4 0.537500 0.231899 0.008600 0.014248
