5 0.514700 0.287438 0.013000 0.012504
5 0.581300 0.288020 0.012200 0.011341
4 0.462500 0.234516 0.009800 0.013085
0 0.470500 0.233934 0.010200 0.014248
1 0.375300 0.235679 0.011800 0.017738
2 0.366700 0.235097 0.007000 0.016575
3 0.355300 0.234516 0.015800 0.015411
3 0.549200 0.306048 0.018400 0.013667
4 0.490000 0.353737 0.008400 0.015411
3 0.231600 0.394155 0.017600 0.016575
2 0.244300 0.395609 0.007800 0.015993
1 0.252300 0.394446 0.012200 0.017156
3 0.450800 0.391829 0.018400 0.014830
2 0.462700 0.394737 0.007800 0.016575
1 0.471300 0.394446 0.011800 0.017156
4 0.345300 0.470631 0.009000 0.014248
4 0.335900 0.512504 0.012200 0.014830
0 0.334700 0.522681 0.010600 0.015411
3 0.284900 0.550596 0.017800 0.013085
4 0.240000 0.532277 0.009600 0.013085
1 0.304500 0.553795 0.011400 0.014248
2 0.295700 0.554522 0.004600 0.023263
3 0.545900 0.478191 0.017400 0.016575
3 0.600600 0.479791 0.019200 0.013376
3 0.578200 0.562518 0.019200 0.014248
2 0.589000 0.564990 0.007200 0.021518
1 0.598100 0.564554 0.011800 0.017156
4 0.489500 0.628235 0.009400 0.015993
0 0.487900 0.638994 0.011800 0.014248
4 0.502500 0.624600 0.010600 0.017447
3 0.385500 0.609189 0.011000 0.025589
4 0.285900 0.759087 0.011000 0.013085
0 0.370400 0.730300 0.012000 0.014830
4 0.371900 0.719541 0.011400 0.013667
6 0.384800 0.702384 0.008800 0.027624
4 0.518000 0.757197 0.009600 0.013376
0 0.612500 0.732626 0.009400 0.015993
4 0.613600 0.722303 0.009600 0.017447
