4 0.609800 0.870457 0.011600 0.014248
4 0.449100 0.873510 0.009400 0.018028
4 0.461300 0.732335 0.010600 0.015411
4 0.436100 0.706455 0.011000 0.017156
0 0.468100 0.736115 0.010600 0.015993
3 0.473100 0.814772 0.014600 0.023844
2 0.477500 0.799069 0.013800 0.011050
1 0.480200 0.789619 0.012800 0.015993
6 0.601600 0.717505 0.024400 0.017738
4 0.608500 0.738151 0.011400 0.015411
0 0.615300 0.743385 0.011800 0.015993
3 0.538400 0.692498 0.019600 0.020064
0 0.586700 0.556121 0.011000 0.017738
4 0.580400 0.548270 0.011600 0.015411
4 0.673300 0.546234 0.010200 0.015993
4 0.581300 0.531695 0.010600 0.016575
4 0.676700 0.401425 0.010600 0.014830
0 0.683500 0.406223 0.009400 0.017447
3 0.560800 0.405641 0.013200 0.024426
2 0.566300 0.392847 0.015800 0.010468
1 0.569600 0.382815 0.014400 0.016575
3 0.511800 0.353882 0.014800 0.025589
3 0.496300 0.430503 0.015400 0.024135
3 0.383100 0.375109 0.015000 0.030823
3 0.414500 0.536493 0.017400 0.026170
2 0.418800 0.522536 0.014000 0.009887
1 0.421000 0.512213 0.014400 0.016575
1 0.289400 0.601774 0.011600 0.016575
2 0.286900 0.611515 0.014600 0.009887
3 0.282900 0.626345 0.013800 0.023263
1 0.360600 0.818116 0.012000 0.018319
2 0.357300 0.828438 0.012600 0.011631
3 0.354300 0.844432 0.013800 0.026170
