3 0.575500 0.889212 0.011400 0.025589
2 0.574500 0.872347 0.013400 0.009305
1 0.574900 0.861151 0.011000 0.017738
0 0.485900 0.740768 0.010200 0.013667
4 0.493900 0.739023 0.011400 0.014830
3 0.465700 0.813027 0.013800 0.022681
4 0.478900 0.878598 0.010200 0.015993
4 0.521700 0.723321 0.012200 0.014248
3 0.684500 0.710090 0.013000 0.025589
2 0.683300 0.693661 0.014600 0.008433
1 0.684500 0.680285 0.009800 0.017156
3 0.427200 0.668508 0.020000 0.012213
6 0.363800 0.667636 0.019200 0.009305
3 0.350300 0.688427 0.009800 0.015411
3 0.575900 0.570805 0.011400 0.025007
1 0.574700 0.541291 0.013000 0.014248
2 0.574700 0.553940 0.016200 0.008723
0 0.684100 0.543036 0.011400 0.015411
4 0.686300 0.555249 0.008600 0.013667
4 0.602300 0.518319 0.010200 0.017156
5 0.648700 0.480081 0.011000 0.016865
3 0.635300 0.427159 0.009400 0.027334
3 0.517300 0.432393 0.008600 0.029078
4 0.414100 0.518610 0.009400 0.018901
0 0.406300 0.518610 0.010200 0.016575
4 0.415700 0.497965 0.012600 0.013085
3 0.516900 0.351846 0.008600 0.026170
1 0.457100 0.356935 0.011400 0.015993
2 0.456700 0.370020 0.013800 0.009014
3 0.457100 0.387613 0.013800 0.025007
5 0.648700 0.381652 0.011000 0.016575
4 0.324300 0.473539 0.012600 0.017738
0 0.341700 0.689008 0.011400 0.016575
4 0.324500 0.810265 0.010600 0.017156
1 0.465700 0.784821 0.013000 0.016284
2 0.463900 0.796598 0.015000 0.009014
0 0.341500 0.335126 0.011800 0.014830
4 0.349500 0.336871 0.009400 0.018319
