4 0.515600 0.226956 0.010800 0.015993
0 0.523800 0.220849 0.011200 0.015411
4 0.604300 0.293254 0.012600 0.017156
0 0.572800 0.412184 0.010800 0.015993
4 0.557600 0.409567 0.010800 0.013667
4 0.565200 0.418726 0.010400 0.018028
0 0.702800 0.458127 0.012000 0.016575
4 0.694200 0.462344 0.011200 0.016865
6 0.677800 0.464670 0.015200 0.024426
1 0.457500 0.357662 0.010600 0.018610
2 0.461900 0.367694 0.009000 0.016575
3 0.468900 0.380925 0.015800 0.022099
3 0.415200 0.417272 0.015200 0.023844
3 0.454400 0.472666 0.018800 0.023553
3 0.635600 0.535330 0.016000 0.026170
0 0.633300 0.647427 0.011400 0.016575
4 0.624600 0.653388 0.012400 0.017447
4 0.600800 0.675923 0.012400 0.014830
1 0.669900 0.652224 0.012600 0.016865
2 0.675600 0.662256 0.012000 0.017738
3 0.682000 0.675051 0.017200 0.023553
4 0.708600 0.729718 0.011200 0.016575
4 0.775900 0.518755 0.014200 0.018028
1 0.635800 0.821169 0.011200 0.015702
2 0.640900 0.831492 0.009800 0.016575
3 0.647300 0.843268 0.016600 0.021518
1 0.471000 0.818988 0.012000 0.017738
2 0.476100 0.828875 0.009800 0.017738
3 0.482400 0.842396 0.016400 0.022681
0 0.400300 0.726229 0.010200 0.017156
4 0.403800 0.738587 0.013600 0.012213
5 0.391200 0.645973 0.013600 0.017156
4 0.438500 0.619802 0.011800 0.015411
1 0.472700 0.608171 0.012600 0.016575
2 0.477800 0.617040 0.011200 0.015702
3 0.484100 0.630561 0.016200 0.025298
3 0.372300 0.599593 0.018600 0.025007
5 0.341400 0.581855 0.009600 0.016284
