4 0.517800 0.757778 0.011200 0.016284
4 0.613400 0.722012 0.010400 0.014539
0 0.612700 0.732480 0.010600 0.015702
4 0.501900 0.626199 0.011800 0.018319
0 0.488100 0.638412 0.008200 0.015411
4 0.489800 0.627944 0.009600 0.014830
3 0.577300 0.562518 0.019000 0.014248
2 0.590300 0.564990 0.007000 0.019192
1 0.597700 0.565281 0.012200 0.018610
3 0.546000 0.478337 0.018000 0.016284
3 0.601200 0.478337 0.017200 0.015121
3 0.450300 0.392701 0.018600 0.014830
2 0.463100 0.395028 0.008200 0.018319
1 0.471400 0.393428 0.010400 0.016284
4 0.488100 0.354173 0.011400 0.015121
3 0.549500 0.306484 0.019800 0.016865
5 0.515400 0.287293 0.011200 0.013958
5 0.581000 0.287438 0.010800 0.014830
4 0.461600 0.232771 0.011200 0.014248
0 0.471200 0.233789 0.011600 0.019192
1 0.376100 0.236115 0.012600 0.015702
2 0.367200 0.234807 0.006800 0.021227
3 0.355800 0.234370 0.017200 0.016284
4 0.345800 0.471503 0.009600 0.014248
4 0.335400 0.509887 0.012000 0.015411
0 0.335500 0.523408 0.009800 0.014539
1 0.304400 0.551905 0.010800 0.016865
2 0.296400 0.554376 0.006400 0.020646
3 0.284100 0.551032 0.018200 0.015702
3 0.232100 0.392847 0.018600 0.016865
2 0.243600 0.395900 0.007200 0.021227
3 0.252600 0.392992 0.011600 0.014248
4 0.239300 0.532422 0.011400 0.013376
4 0.285400 0.757051 0.012800 0.014830
0 0.370500 0.731608 0.010200 0.015121
4 0.372700 0.720122 0.010600 0.013667
6 0.384400 0.703548 0.008000 0.029951
2 0.385700 0.610352 0.012200 0.029078
