3 0.549700 0.697441 0.018200 0.014830
5 0.580800 0.716487 0.009600 0.013376
5 0.514500 0.716197 0.011000 0.013376
4 0.462800 0.769700 0.009600 0.015121
0 0.470900 0.767665 0.010600 0.015702
1 0.375200 0.768101 0.012000 0.014830
2 0.367400 0.767956 0.006800 0.016865
3 0.356100 0.769410 0.018200 0.016284
4 0.488000 0.648444 0.009600 0.013958
3 0.450700 0.610497 0.018600 0.013085
2 0.462600 0.607589 0.007600 0.018901
1 0.470800 0.608026 0.010400 0.015702
4 0.345500 0.532277 0.008600 0.014830
0 0.335500 0.479209 0.009400 0.015121
4 0.336800 0.491713 0.010400 0.012794
3 0.545700 0.524280 0.017000 0.013958
3 0.601500 0.525007 0.017400 0.015411
3 0.578100 0.440535 0.016600 0.013376
2 0.589500 0.437627 0.007000 0.018610
1 0.597200 0.438500 0.010800 0.013376
3 0.385000 0.393719 0.011600 0.026170
0 0.487900 0.362751 0.009000 0.015411
4 0.489200 0.375545 0.008400 0.015993
4 0.502500 0.377726 0.010200 0.015121
0 0.371000 0.271009 0.010000 0.013958
4 0.372600 0.283367 0.008000 0.014248
4 0.517600 0.244548 0.009600 0.014539
0 0.612700 0.268683 0.009800 0.013958
4 0.614300 0.281623 0.009000 0.014248
4 0.285600 0.243966 0.009600 0.012213
6 0.384500 0.301105 0.006600 0.027043
1 0.303800 0.450422 0.011600 0.015702
2 0.296300 0.449840 0.007000 0.018610
3 0.284200 0.451149 0.018400 0.013085
4 0.239600 0.471358 0.011200 0.016865
3 0.232700 0.609479 0.016200 0.013376
2 0.243800 0.607589 0.006400 0.018319
1 0.251600 0.609479 0.010000 0.014539
