3 0.615100 0.606281 0.009800 0.025589
6 0.616200 0.698604 0.007600 0.028787
4 0.628200 0.716487 0.010000 0.012794
0 0.629700 0.727973 0.011400 0.013667
4 0.714300 0.755016 0.011000 0.011922
1 0.695700 0.550015 0.012200 0.014830
2 0.703800 0.551323 0.005600 0.018028
3 0.714900 0.548851 0.017800 0.017156
0 0.665600 0.520355 0.009200 0.014248
4 0.664500 0.508142 0.009400 0.015411
4 0.760500 0.530532 0.011800 0.012504
4 0.653500 0.467287 0.009400 0.015121
1 0.748300 0.391247 0.011400 0.013667
2 0.755700 0.392556 0.005400 0.016865
3 0.766600 0.390230 0.017200 0.013958
3 0.548100 0.391393 0.017400 0.014539
2 0.537300 0.392701 0.007400 0.016575
1 0.529100 0.391684 0.012200 0.013958
1 0.625700 0.232480 0.011800 0.014248
0 0.529200 0.231463 0.010800 0.012794
3 0.644000 0.232190 0.016800 0.014248
2 0.633200 0.233207 0.006000 0.018610
4 0.537800 0.230881 0.009600 0.013958
5 0.418800 0.283367 0.011200 0.012504
5 0.485200 0.283658 0.012800 0.013667
3 0.450400 0.304158 0.017600 0.013958
4 0.510600 0.351556 0.009600 0.016865
3 0.399000 0.475574 0.017600 0.013085
3 0.454000 0.475865 0.018000 0.015993
1 0.402800 0.561500 0.010800 0.013958
2 0.410900 0.562227 0.006200 0.017738
3 0.421500 0.560773 0.017800 0.015411
4 0.498900 0.623873 0.009800 0.016575
4 0.511000 0.624309 0.010400 0.014539
0 0.512600 0.636522 0.010400 0.016284
