4 0.660800 0.826839 0.012000 0.015993
4 0.585100 0.756615 0.014200 0.011050
0 0.584000 0.770718 0.012400 0.014248
6 0.575700 0.736987 0.009800 0.027043
1 0.680100 0.623437 0.010600 0.016284
2 0.688000 0.625909 0.006400 0.020064
3 0.698900 0.627363 0.016600 0.019482
4 0.745200 0.628090 0.010000 0.012794
0 0.656800 0.582728 0.011200 0.013376
4 0.656900 0.568043 0.011000 0.014248
1 0.758000 0.487933 0.011200 0.013958
2 0.766100 0.491858 0.006200 0.018901
3 0.778200 0.494330 0.018000 0.020936
3 0.687700 0.293254 0.016600 0.019482
1 0.667500 0.288601 0.010600 0.015993
2 0.675800 0.291800 0.005600 0.018901
4 0.585200 0.255161 0.009200 0.018319
0 0.575300 0.252544 0.012200 0.015993
5 0.523800 0.285839 0.010800 0.013958
5 0.459400 0.261849 0.010000 0.011922
3 0.486700 0.291218 0.018200 0.018319
4 0.536600 0.360425 0.011600 0.014830
1 0.546500 0.405350 0.012200 0.015121
2 0.554900 0.408985 0.006600 0.017156
3 0.567000 0.412765 0.017200 0.019482
3 0.459400 0.460454 0.016800 0.018901
3 0.405900 0.438936 0.016200 0.015993
1 0.394500 0.522390 0.011000 0.015993
2 0.402400 0.526025 0.007200 0.020355
3 0.414700 0.529805 0.017800 0.019773
4 0.476300 0.619221 0.011000 0.015993
4 0.489200 0.623292 0.013600 0.013085
0 0.487400 0.637249 0.010000 0.014830
3 0.592400 0.647281 0.014000 0.026170
4 0.436500 0.739023 0.009800 0.015411
4 0.353400 0.666764 0.012000 0.013376
0 0.349500 0.681448 0.010600 0.014248
4 0.654100 0.527043 0.012600 0.018319
