0 0.613300 0.733207 0.010200 0.017156
4 0.614900 0.722158 0.010200 0.015411
4 0.518800 0.756761 0.013200 0.015411
4 0.502100 0.624891 0.012200 0.016865
4 0.489300 0.628817 0.010600 0.014830
0 0.487900 0.638994 0.009400 0.014248
0 0.371700 0.731753 0.011800 0.016575
4 0.372300 0.720704 0.012200 0.015993
6 0.384700 0.702239 0.007800 0.027915
4 0.287500 0.757633 0.012600 0.013667
3 0.577600 0.563536 0.017600 0.016284
2 0.589200 0.565571 0.006400 0.020355
1 0.598200 0.563827 0.011200 0.015121
3 0.545900 0.478773 0.018200 0.013085
3 0.600900 0.477755 0.019000 0.012794
3 0.451500 0.393428 0.017000 0.013958
2 0.463200 0.395609 0.006800 0.016575
1 0.470700 0.394446 0.012200 0.014248
4 0.488800 0.354754 0.007600 0.015121
3 0.549800 0.304740 0.017200 0.012794
4 0.462000 0.231899 0.010000 0.011922
0 0.471200 0.234807 0.009600 0.016575
5 0.514200 0.287147 0.013200 0.013085
5 0.581300 0.287729 0.010200 0.013667
1 0.375400 0.234807 0.011600 0.014248
3 0.356000 0.234661 0.016800 0.015121
2 0.367600 0.236697 0.005600 0.018028
3 0.232800 0.394737 0.018000 0.014830
2 0.244200 0.394737 0.006400 0.018319
1 0.252600 0.393138 0.011600 0.014539
4 0.346300 0.470195 0.010200 0.013958
4 0.335800 0.510759 0.010400 0.011922
0 0.335100 0.522099 0.009800 0.013667
4 0.239900 0.532568 0.009800 0.012504
3 0.283900 0.552486 0.017400 0.018028
2 0.296300 0.554376 0.005800 0.020064
1 0.304500 0.551905 0.010600 0.015121
3 0.384200 0.609334 0.010800 0.026461
