3 0.355500 0.234080 0.017000 0.015121
2 0.367100 0.235679 0.005400 0.015993
1 0.375500 0.235534 0.011800 0.013958
4 0.462900 0.233789 0.010600 0.014539
0 0.470600 0.233353 0.010800 0.014830
5 0.514900 0.287293 0.010200 0.012213
3 0.550000 0.306339 0.017200 0.016575
5 0.580800 0.286566 0.009600 0.013085
3 0.451100 0.393428 0.018200 0.015121
2 0.462700 0.394737 0.006600 0.017156
1 0.471600 0.394591 0.010400 0.015121
3 0.601300 0.478773 0.017000 0.014248
3 0.546000 0.478191 0.016800 0.015411
3 0.577400 0.562809 0.018400 0.014248
2 0.588900 0.565135 0.006600 0.018901
1 0.598400 0.564117 0.012000 0.015702
4 0.346500 0.470631 0.009000 0.013667
4 0.336100 0.511777 0.010600 0.013376
0 0.335000 0.522390 0.010400 0.015993
3 0.384600 0.608462 0.010400 0.025880
4 0.488800 0.627217 0.010800 0.017447
0 0.488100 0.638558 0.009800 0.015121
4 0.501600 0.624891 0.010800 0.016284
4 0.372100 0.719541 0.009000 0.013667
0 0.371600 0.730736 0.011200 0.015702
4 0.517400 0.756470 0.011600 0.014830
4 0.614400 0.721431 0.009600 0.013958
0 0.612300 0.732771 0.009000 0.016284
4 0.285900 0.757342 0.011800 0.011341
3 0.284400 0.550741 0.018000 0.013958
1 0.304400 0.553359 0.011600 0.013958
2 0.296600 0.552922 0.006400 0.018901
4 0.240000 0.531695 0.010000 0.016575
3 0.231700 0.392120 0.019400 0.012504
2 0.243800 0.393574 0.006400 0.018319
1 0.253100 0.393283 0.011000 0.014248
4 0.489100 0.354318 0.010200 0.014830
