5 0.658400 0.412184 0.011200 0.014248
5 0.649400 0.508869 0.011200 0.015121
3 0.640700 0.456673 0.010200 0.025298
3 0.529800 0.357081 0.011600 0.022099
3 0.523400 0.435883 0.012800 0.025007
4 0.600100 0.537366 0.009800 0.016284
3 0.568500 0.586508 0.012200 0.023844
2 0.568500 0.568479 0.013000 0.009305
1 0.570000 0.556848 0.011200 0.015702
0 0.678600 0.578802 0.011600 0.015411
4 0.680000 0.592614 0.008800 0.016284
1 0.665300 0.715760 0.010600 0.014248
2 0.664400 0.728700 0.013600 0.010468
3 0.662900 0.746583 0.012600 0.023553
3 0.537400 0.901716 0.011200 0.023263
2 0.538300 0.883687 0.014200 0.008142
1 0.539300 0.871329 0.012200 0.015993
4 0.501700 0.727392 0.010200 0.011922
0 0.462700 0.734661 0.011000 0.014248
4 0.471200 0.735534 0.009600 0.017156
4 0.441700 0.869439 0.009000 0.016865
3 0.436100 0.805612 0.013400 0.025298
2 0.437300 0.787147 0.013400 0.009887
1 0.438600 0.774498 0.010800 0.015411
3 0.411200 0.651934 0.018400 0.012794
4 0.416100 0.481826 0.011800 0.010468
4 0.328500 0.438645 0.011400 0.016575
4 0.366800 0.306775 0.009600 0.019192
0 0.358100 0.304885 0.012600 0.015411
3 0.469900 0.379762 0.012200 0.025007
2 0.469800 0.362605 0.013600 0.009305
1 0.471700 0.349956 0.012600 0.017738
0 0.404600 0.497819 0.010400 0.015702
4 0.414200 0.501163 0.009600 0.017738
6 0.348300 0.638703 0.019400 0.013667
0 0.325700 0.653969 0.010200 0.015702
4 0.334800 0.655423 0.009200 0.015702
4 0.296300 0.773044 0.013000 0.014248
