0 0.578600 0.746002 0.010000 0.013667
4 0.588400 0.745566 0.010400 0.015121
1 0.669500 0.707037 0.010200 0.013667
2 0.678800 0.705438 0.006400 0.017447
3 0.690600 0.702675 0.016800 0.016575
4 0.539200 0.638994 0.011600 0.013667
3 0.491400 0.710381 0.018800 0.015121
5 0.526700 0.712707 0.009800 0.016284
5 0.462600 0.740913 0.011200 0.015702
3 0.406400 0.563100 0.018400 0.016575
3 0.459000 0.541291 0.017600 0.016575
2 0.402800 0.476301 0.007600 0.020936
1 0.393900 0.480808 0.011000 0.015993
3 0.415300 0.474847 0.018600 0.016284
1 0.548000 0.593050 0.010400 0.015993
2 0.556700 0.589706 0.008200 0.019773
3 0.568800 0.586653 0.016400 0.016575
4 0.349000 0.335999 0.012800 0.013667
0 0.348800 0.322623 0.011200 0.013667
4 0.433900 0.261704 0.008600 0.016284
4 0.476800 0.382379 0.010400 0.015121
4 0.487500 0.376127 0.011400 0.013667
0 0.486600 0.362605 0.011600 0.013958
6 0.573600 0.262431 0.010400 0.027624
4 0.581600 0.242076 0.010800 0.015993
0 0.581200 0.226956 0.010400 0.015993
3 0.591200 0.350829 0.013200 0.027043
0 0.655600 0.413347 0.010000 0.013667
4 0.656100 0.426432 0.011800 0.013667
4 0.655200 0.468305 0.009200 0.014830
1 0.758000 0.505961 0.011200 0.017447
2 0.767100 0.502181 0.008200 0.018028
3 0.779100 0.499855 0.017000 0.016865
1 0.678300 0.374237 0.009800 0.015702
2 0.686800 0.369439 0.007200 0.017156
3 0.699100 0.368130 0.018600 0.013376
4 0.742900 0.365659 0.009800 0.015411
4 0.656800 0.167636 0.008800 0.012504
