4 0.628400 0.716487 0.010400 0.015121
0 0.629000 0.728991 0.011600 0.016284
6 0.615600 0.699040 0.007600 0.026752
4 0.482200 0.753562 0.011200 0.014248
4 0.498300 0.622710 0.009800 0.014830
4 0.512000 0.624746 0.010800 0.012504
0 0.513200 0.635795 0.012400 0.016575
3 0.614500 0.606426 0.012200 0.028206
1 0.696000 0.549724 0.011600 0.014248
2 0.704100 0.550887 0.005800 0.019482
3 0.715000 0.549288 0.016800 0.018610
4 0.759800 0.529078 0.010800 0.014248
4 0.664500 0.507706 0.010600 0.014539
0 0.664500 0.520355 0.010200 0.014830
4 0.654400 0.468159 0.009600 0.015702
1 0.748300 0.391393 0.011400 0.013958
2 0.756000 0.392556 0.006400 0.018610
3 0.767100 0.390666 0.017000 0.017738
1 0.528400 0.390666 0.012000 0.013085
2 0.536800 0.391393 0.006800 0.018028
3 0.548300 0.390811 0.017800 0.018610
4 0.511000 0.350974 0.010000 0.015702
0 0.528900 0.231026 0.012200 0.012504
4 0.537200 0.230590 0.009600 0.016865
1 0.624200 0.233062 0.011200 0.015993
2 0.632400 0.231172 0.006400 0.019773
3 0.644000 0.232190 0.018000 0.018901
5 0.418700 0.283949 0.010200 0.015411
5 0.485800 0.285112 0.010400 0.014248
3 0.450000 0.302995 0.018400 0.016865
3 0.453900 0.476010 0.017400 0.015121
3 0.398400 0.475429 0.020000 0.013376
1 0.402900 0.561937 0.011000 0.015993
2 0.410400 0.562082 0.006400 0.019192
3 0.421600 0.560047 0.017600 0.017447
4 0.386900 0.718523 0.012200 0.012213
0 0.387700 0.730736 0.010600 0.015702
4 0.714100 0.753853 0.011800 0.012504
