3 0.516700 0.648154 0.012200 0.025589
3 0.457800 0.613260 0.012400 0.026170
3 0.516000 0.566735 0.008800 0.026752
3 0.634900 0.571823 0.013400 0.027624
1 0.458000 0.641029 0.010800 0.017156
2 0.457800 0.628962 0.012000 0.009887
5 0.648600 0.617912 0.010400 0.016284
5 0.649000 0.520646 0.010400 0.015411
0 0.406300 0.482262 0.010600 0.014248
4 0.414400 0.481972 0.009200 0.014830
1 0.575000 0.456819 0.011200 0.015702
4 0.602100 0.482989 0.010200 0.011631
0 0.685100 0.456092 0.010200 0.014248
4 0.686200 0.445042 0.011200 0.015993
3 0.575500 0.429485 0.014600 0.026170
1 0.683900 0.318116 0.009800 0.018028
2 0.683700 0.307357 0.012200 0.009305
3 0.685600 0.289038 0.010000 0.027915
3 0.574500 0.109916 0.014200 0.023844
2 0.574600 0.128235 0.013600 0.009887
1 0.575400 0.138267 0.011200 0.017156
4 0.479100 0.121692 0.009800 0.017738
3 0.466800 0.185519 0.014800 0.026170
2 0.465800 0.203838 0.014800 0.012213
1 0.465300 0.214888 0.010600 0.016865
0 0.486100 0.260105 0.009000 0.014830
4 0.494600 0.259669 0.010800 0.013958
4 0.522200 0.276970 0.010000 0.015993
3 0.426800 0.331492 0.016800 0.016284
0 0.341900 0.313463 0.012600 0.015702
4 0.350800 0.313754 0.010800 0.016284
4 0.324200 0.189735 0.009200 0.018901
6 0.362700 0.332219 0.019800 0.010759
4 0.324400 0.525880 0.011600 0.016575
0 0.341100 0.663420 0.012200 0.014830
4 0.349400 0.664292 0.011200 0.014830
