3 0.355500 0.769555 0.019400 0.013085
2 0.367100 0.767810 0.006200 0.018901
1 0.375800 0.767956 0.011200 0.014539
4 0.462400 0.770282 0.010400 0.013958
0 0.469900 0.768828 0.011000 0.014539
5 0.513300 0.715760 0.012200 0.014248
5 0.580600 0.715615 0.009200 0.013958
3 0.549100 0.696714 0.017800 0.014539
4 0.489200 0.648299 0.008400 0.015993
3 0.452000 0.609479 0.018400 0.015121
2 0.462900 0.607008 0.006200 0.017738
1 0.470300 0.608898 0.011800 0.013958
3 0.546200 0.523990 0.018800 0.016865
3 0.601300 0.524571 0.017000 0.017447
4 0.344900 0.532131 0.008600 0.015702
3 0.384100 0.394010 0.009800 0.027334
3 0.577800 0.440099 0.018800 0.013667
2 0.589400 0.438645 0.006000 0.018901
1 0.597200 0.438645 0.011200 0.015411
0 0.488400 0.362751 0.010000 0.014830
4 0.489300 0.374527 0.008600 0.013958
4 0.501800 0.377290 0.011600 0.015411
0 0.371500 0.271300 0.010200 0.016284
4 0.371900 0.283367 0.009800 0.011922
6 0.384600 0.300960 0.007600 0.026170
0 0.612500 0.269264 0.009800 0.015702
4 0.613900 0.282059 0.009400 0.016865
4 0.517400 0.244548 0.010400 0.014539
4 0.285600 0.246002 0.009600 0.014539
1 0.303900 0.450858 0.010600 0.015411
3 0.284500 0.452312 0.017800 0.014248
2 0.296100 0.449404 0.006600 0.017738
4 0.239400 0.469177 0.010400 0.015411
0 0.335200 0.479354 0.009600 0.015993
4 0.336000 0.492149 0.009200 0.014830
1 0.251300 0.608898 0.011000 0.014539
2 0.244300 0.608898 0.005800 0.017447
3 0.232300 0.609625 0.018200 0.014830
