4 0.518100 0.753562 0.010200 0.013667
4 0.613600 0.719395 0.010800 0.013376
0 0.612800 0.730590 0.010800 0.016575
6 0.384500 0.698313 0.007800 0.026461
3 0.384200 0.606717 0.008800 0.027624
0 0.488700 0.636231 0.010600 0.015702
4 0.488600 0.624600 0.010400 0.013958
4 0.501700 0.622419 0.011400 0.016575
3 0.578000 0.560483 0.017200 0.016575
2 0.589000 0.561791 0.007600 0.019192
1 0.597200 0.560773 0.011600 0.015993
3 0.601600 0.476010 0.019200 0.012794
3 0.545700 0.476447 0.019000 0.011922
3 0.451200 0.389212 0.018000 0.015411
2 0.462900 0.391974 0.007400 0.018028
1 0.471000 0.390666 0.011200 0.015993
4 0.489000 0.351556 0.010000 0.014539
3 0.549700 0.302413 0.017000 0.015121
5 0.514300 0.284094 0.010600 0.013958
5 0.581000 0.283222 0.012000 0.013376
4 0.462200 0.230009 0.010400 0.018610
0 0.470800 0.230445 0.009600 0.015411
3 0.356000 0.231172 0.017600 0.018028
2 0.367400 0.233498 0.007600 0.019192
1 0.375600 0.232044 0.012000 0.015702
1 0.251800 0.390811 0.012000 0.015702
2 0.243900 0.392120 0.006600 0.017156
3 0.231900 0.390666 0.017000 0.015411
4 0.346300 0.466851 0.009000 0.015411
4 0.336100 0.509014 0.009000 0.013667
0 0.334600 0.520355 0.010000 0.016575
4 0.239600 0.531114 0.010800 0.012504
3 0.284500 0.548997 0.016600 0.016865
2 0.296300 0.550887 0.006600 0.018901
1 0.304600 0.550451 0.011600 0.018028
0 0.371400 0.728119 0.009200 0.015121
4 0.372600 0.716778 0.010800 0.015121
4 0.285400 0.754144 0.010800 0.015993
