3 0.232200 0.390230 0.016400 0.015702
2 0.243700 0.392701 0.006200 0.020646
1 0.252200 0.390375 0.013600 0.016575
3 0.355700 0.232044 0.016600 0.016865
4 0.367000 0.234225 0.006400 0.017738
1 0.375200 0.231317 0.010800 0.014248
4 0.462900 0.230445 0.009800 0.012504
0 0.471100 0.231463 0.012200 0.013376
5 0.514900 0.283076 0.012200 0.014248
4 0.489000 0.351701 0.008400 0.015411
3 0.450900 0.392411 0.017000 0.017738
2 0.462900 0.392265 0.007800 0.016865
1 0.471300 0.390375 0.011800 0.018901
4 0.348000 0.467723 0.013200 0.014830
4 0.335800 0.509160 0.010400 0.012794
0 0.335400 0.520209 0.011600 0.013376
3 0.284600 0.549724 0.020000 0.018319
2 0.294900 0.551178 0.007400 0.018319
1 0.304100 0.550741 0.012200 0.015121
4 0.240200 0.529514 0.011200 0.012213
3 0.385300 0.606136 0.010600 0.024716
4 0.286100 0.754725 0.011000 0.014248
4 0.371800 0.717069 0.010800 0.013958
0 0.371100 0.728700 0.012200 0.016284
0 0.488000 0.636522 0.010400 0.015121
4 0.488800 0.625618 0.010800 0.015411
4 0.502700 0.623001 0.011400 0.017738
4 0.517700 0.753562 0.010200 0.013085
4 0.614300 0.718087 0.008200 0.015993
0 0.611800 0.730154 0.010800 0.015121
3 0.577800 0.561937 0.019200 0.014830
2 0.589200 0.561355 0.006000 0.017738
1 0.597400 0.560628 0.011200 0.018028
3 0.545400 0.476156 0.018400 0.014830
3 0.601000 0.476301 0.016800 0.015121
3 0.548800 0.303867 0.019600 0.016284
