4 0.760600 0.530387 0.012000 0.013958
4 0.664100 0.507270 0.009000 0.014248
4 0.628100 0.716633 0.010600 0.014248
0 0.629600 0.727682 0.010400 0.014248
4 0.713900 0.754580 0.009800 0.012213
3 0.615200 0.606136 0.010000 0.026461
4 0.499000 0.622565 0.010000 0.015702
4 0.510700 0.624746 0.009800 0.015993
0 0.512500 0.635505 0.009800 0.015411
1 0.696300 0.550015 0.012200 0.015411
2 0.703900 0.551905 0.006200 0.016865
3 0.715000 0.548997 0.017600 0.016284
0 0.665200 0.519482 0.008800 0.015993
4 0.653200 0.467869 0.010800 0.016865
1 0.748100 0.391247 0.012200 0.014248
2 0.755900 0.391974 0.005800 0.019192
3 0.767000 0.389794 0.016800 0.016575
3 0.548200 0.389794 0.018000 0.016575
2 0.537400 0.391974 0.006400 0.017447
1 0.528600 0.391684 0.010800 0.015121
4 0.510000 0.351120 0.008800 0.015411
3 0.644200 0.230445 0.017600 0.014830
2 0.632600 0.232190 0.006000 0.016575
4 0.536800 0.230009 0.008000 0.012213
0 0.529600 0.230736 0.008800 0.014248
5 0.419100 0.285403 0.009800 0.011922
5 0.485700 0.284240 0.010200 0.012504
3 0.450100 0.302850 0.018600 0.016575
3 0.398700 0.476010 0.018200 0.013376
3 0.453900 0.474993 0.017800 0.015411
3 0.422200 0.559320 0.017200 0.015411
2 0.410100 0.561937 0.005800 0.017738
1 0.402600 0.560773 0.011600 0.014248
4 0.385900 0.718377 0.009000 0.014248
0 0.388500 0.730736 0.011400 0.013958
4 0.482200 0.755598 0.010800 0.011341
1 0.624900 0.232917 0.012200 0.016284
