3 0.386500 0.609625 0.013400 0.025880
4 0.489300 0.628235 0.010600 0.013667
0 0.488300 0.639285 0.010200 0.016575
4 0.502100 0.624891 0.010600 0.014539
4 0.372600 0.720268 0.008800 0.014539
0 0.371900 0.730590 0.010200 0.016575
6 0.384900 0.702675 0.007800 0.027624
4 0.517800 0.756034 0.009600 0.013376
0 0.613000 0.733207 0.009600 0.015411
1 0.597700 0.564990 0.011000 0.016284
2 0.589000 0.564699 0.006400 0.017447
3 0.578100 0.562954 0.017400 0.016865
3 0.601900 0.478628 0.019000 0.014539
3 0.545600 0.478773 0.017200 0.013667
3 0.451400 0.392265 0.017600 0.015121
2 0.463000 0.394737 0.008000 0.018319
1 0.471600 0.393283 0.011200 0.014248
4 0.488300 0.354173 0.010600 0.016284
3 0.549200 0.305612 0.019600 0.014539
5 0.514600 0.286857 0.012000 0.013085
5 0.581200 0.286275 0.011200 0.014248
4 0.462000 0.233207 0.009200 0.014539
0 0.471100 0.234516 0.012200 0.014830
3 0.355400 0.235097 0.018000 0.017156
2 0.367000 0.236261 0.007600 0.020646
1 0.375200 0.234516 0.011200 0.015993
3 0.232700 0.392265 0.018200 0.015702
2 0.243800 0.395028 0.007600 0.018319
1 0.252200 0.395028 0.011600 0.017156
4 0.240000 0.532422 0.011200 0.013958
3 0.284700 0.551759 0.018600 0.015411
2 0.295800 0.552195 0.006800 0.019192
1 0.304100 0.552486 0.012600 0.016865
0 0.334600 0.522972 0.009600 0.016575
4 0.336200 0.511631 0.009600 0.013667
4 0.346200 0.470486 0.009200 0.017447
4 0.286300 0.759087 0.010200 0.012504
