5 0.514400 0.715615 0.010000 0.013376
5 0.580300 0.715324 0.009400 0.013958
3 0.550000 0.696278 0.017600 0.014248
4 0.462700 0.769264 0.009400 0.014248
0 0.470800 0.768828 0.010400 0.013376
4 0.489100 0.649171 0.010200 0.014830
3 0.451500 0.609334 0.016600 0.015411
2 0.462600 0.608171 0.006400 0.017738
1 0.470800 0.608898 0.012000 0.014539
3 0.546100 0.524716 0.016200 0.014248
3 0.600800 0.525007 0.018000 0.014830
3 0.578300 0.440244 0.016200 0.013376
2 0.589300 0.437627 0.007400 0.018028
1 0.597200 0.438354 0.010800 0.012504
4 0.502100 0.377435 0.011400 0.013376
4 0.488900 0.375545 0.010200 0.012504
3 0.384800 0.393428 0.010000 0.023263
4 0.518200 0.245420 0.011200 0.014539
4 0.614200 0.280605 0.008000 0.011631
0 0.613300 0.268683 0.011000 0.015121
6 0.384500 0.300814 0.007800 0.025880
0 0.371700 0.270864 0.010200 0.014248
4 0.371200 0.283658 0.011600 0.013085
4 0.285700 0.244548 0.009400 0.013958
3 0.284800 0.451439 0.016800 0.014248
4 0.239100 0.470486 0.011800 0.016284
1 0.304100 0.449259 0.010600 0.013958
2 0.296500 0.448532 0.006600 0.017156
3 0.232300 0.609479 0.018600 0.015121
2 0.244500 0.608462 0.007800 0.016575
1 0.250900 0.608462 0.011000 0.018319
4 0.335700 0.491567 0.009000 0.014248
0 0.335000 0.479209 0.010400 0.015702
4 0.346400 0.532422 0.010400 0.013958
3 0.356300 0.769700 0.017400 0.011631
2 0.367100 0.767956 0.006200 0.018028
1 0.375200 0.768828 0.011200 0.015702
