5 0.514400 0.715470 0.010000 0.013667
5 0.580300 0.715179 0.009400 0.014248
3 0.550000 0.696133 0.017600 0.013958
4 0.462700 0.768974 0.009400 0.014248
0 0.470800 0.768537 0.010400 0.013376
4 0.489100 0.648880 0.010200 0.014830
3 0.451500 0.609189 0.016600 0.015121
2 0.462600 0.608026 0.006400 0.018028
1 0.470800 0.608898 0.012000 0.014539
3 0.546400 0.522245 0.016800 0.018610
3 0.600800 0.522972 0.018000 0.018319
3 0.578300 0.439953 0.016200 0.013376
2 0.589300 0.437482 0.007400 0.017738
1 0.597100 0.438209 0.010600 0.012794
4 0.502300 0.375691 0.011800 0.016284
4 0.489600 0.372347 0.011600 0.018319
3 0.384700 0.393138 0.010200 0.023263
4 0.518100 0.245129 0.011400 0.014539
4 0.614200 0.280605 0.008000 0.011631
0 0.613200 0.268683 0.010800 0.015121
6 0.384500 0.300669 0.007800 0.026170
0 0.371600 0.270864 0.010000 0.014248
4 0.371100 0.283513 0.011800 0.012794
4 0.285700 0.244402 0.009400 0.014248
3 0.284800 0.451149 0.016800 0.014248
4 0.239100 0.470486 0.011800 0.016284
1 0.304000 0.449259 0.010800 0.013958
2 0.296400 0.448532 0.006800 0.017156
3 0.232300 0.609189 0.018600 0.015121
2 0.244500 0.608462 0.007800 0.016575
1 0.250900 0.608462 0.011000 0.018319
4 0.335700 0.491277 0.009000 0.014248
0 0.335000 0.479064 0.010400 0.015411
4 0.346300 0.532277 0.010200 0.014248
3 0.356300 0.769410 0.017400 0.011631
2 0.367000 0.767810 0.006000 0.017738
1 0.375100 0.768537 0.011000 0.015702
