4 0.716500 0.751090 0.011800 0.015702
3 0.577300 0.797906 0.012200 0.025589
1 0.575600 0.767810 0.011600 0.014830
2 0.576600 0.779732 0.013600 0.010759
4 0.671500 0.635505 0.009400 0.015411
0 0.681200 0.635795 0.011200 0.016575
3 0.596000 0.642192 0.020400 0.014830
4 0.539400 0.730881 0.008800 0.016575
0 0.548700 0.729718 0.009800 0.014248
0 0.595600 0.488950 0.008800 0.014830
4 0.586200 0.490259 0.009200 0.019192
4 0.583000 0.471940 0.008800 0.013376
4 0.668300 0.421925 0.012600 0.016865
3 0.522800 0.378017 0.013200 0.026752
1 0.521700 0.347194 0.013000 0.016284
2 0.523100 0.360570 0.016200 0.013376
4 0.622700 0.293981 0.011000 0.018028
0 0.632400 0.291800 0.009200 0.015993
3 0.464400 0.359552 0.010000 0.029951
3 0.473900 0.439372 0.014200 0.027334
3 0.356100 0.471067 0.011800 0.025589
5 0.338100 0.429485 0.009800 0.016284
5 0.352000 0.523844 0.011200 0.013667
4 0.401600 0.546089 0.011200 0.014539
1 0.432900 0.563100 0.012200 0.017156
2 0.434400 0.575167 0.012400 0.009887
3 0.434900 0.592760 0.011000 0.027043
0 0.325100 0.596830 0.012200 0.013667
4 0.325600 0.609625 0.012000 0.013667
4 0.510600 0.724484 0.008800 0.015993
1 0.346700 0.731317 0.012200 0.016865
2 0.346800 0.744693 0.013600 0.011050
3 0.347500 0.762140 0.009400 0.025007
1 0.478800 0.873364 0.012400 0.016575
2 0.479600 0.887322 0.013600 0.011341
3 0.480700 0.902879 0.011000 0.023844
4 0.574100 0.862896 0.009800 0.014830
