5 0.580800 0.715615 0.010400 0.013376
5 0.514100 0.716633 0.010600 0.014248
3 0.549300 0.697441 0.018200 0.014248
3 0.546000 0.523990 0.018800 0.014539
3 0.601300 0.524135 0.017000 0.015411
4 0.488800 0.649317 0.009600 0.015702
3 0.451600 0.609770 0.018400 0.015702
2 0.463100 0.608026 0.006600 0.019192
1 0.470800 0.609479 0.010400 0.016865
4 0.462500 0.769119 0.009000 0.015121
0 0.470100 0.768974 0.011000 0.015411
1 0.374700 0.767374 0.010200 0.015702
2 0.367300 0.766938 0.007000 0.017156
3 0.355800 0.768974 0.017600 0.016575
4 0.345200 0.531986 0.009200 0.015411
4 0.336400 0.491567 0.009200 0.015411
0 0.334900 0.479354 0.010200 0.014248
3 0.384700 0.393283 0.011000 0.027624
4 0.489500 0.375981 0.007000 0.016865
0 0.488800 0.362751 0.011200 0.015411
4 0.501300 0.377435 0.010600 0.015702
3 0.577900 0.439808 0.017400 0.015993
2 0.589700 0.438209 0.005400 0.019192
1 0.597200 0.438500 0.012400 0.015121
4 0.613600 0.281186 0.008000 0.014539
0 0.612600 0.267956 0.010000 0.016575
4 0.517600 0.244839 0.010400 0.016865
4 0.372800 0.282931 0.008800 0.014539
0 0.371100 0.270573 0.011000 0.015993
4 0.286000 0.245275 0.011600 0.014830
1 0.303600 0.449985 0.011200 0.016575
2 0.295700 0.448968 0.005800 0.018610
3 0.284500 0.451294 0.017800 0.015702
4 0.239700 0.470340 0.011000 0.015993
1 0.251700 0.609334 0.010200 0.015411
2 0.243900 0.608898 0.006600 0.018028
3 0.232800 0.609916 0.018000 0.015411
