0 0.517800 0.217214 0.009200 0.016284
4 0.510200 0.223030 0.009600 0.015121
4 0.601400 0.283513 0.011600 0.016284
1 0.454300 0.357808 0.012200 0.015993
2 0.460200 0.367985 0.010400 0.015411
3 0.467600 0.379471 0.015200 0.020936
4 0.555200 0.403896 0.012800 0.016284
4 0.565600 0.412475 0.012400 0.014830
0 0.572400 0.406514 0.012400 0.015702
6 0.678200 0.453184 0.013200 0.022390
4 0.694500 0.450422 0.010200 0.013958
0 0.702700 0.443588 0.012200 0.014830
4 0.778300 0.503199 0.010200 0.016575
3 0.636800 0.522972 0.016000 0.026461
1 0.675300 0.640012 0.012200 0.016284
2 0.679500 0.649607 0.009000 0.018610
3 0.686900 0.663129 0.016600 0.024135
4 0.715800 0.714306 0.011200 0.018319
4 0.630800 0.643646 0.008800 0.014830
0 0.637600 0.637976 0.010800 0.015121
4 0.606400 0.666909 0.012800 0.017738
1 0.643400 0.810265 0.013600 0.017738
2 0.649800 0.819424 0.009600 0.013376
3 0.657000 0.833673 0.015600 0.022099
3 0.491500 0.841088 0.015000 0.020064
2 0.483700 0.828002 0.009400 0.013667
1 0.479800 0.817389 0.011200 0.013376
0 0.406100 0.729427 0.009400 0.013085
4 0.409500 0.741931 0.012200 0.015411
4 0.443900 0.620675 0.011800 0.014248
3 0.489300 0.629107 0.016600 0.021227
2 0.481200 0.615441 0.011200 0.014248
1 0.476600 0.605990 0.011600 0.016284
5 0.394600 0.647717 0.013600 0.014830
5 0.344800 0.587089 0.010800 0.012794
3 0.412800 0.418872 0.017600 0.020646
3 0.456100 0.471213 0.015800 0.024716
