5 0.648300 0.617040 0.010600 0.015702
5 0.648300 0.520500 0.010600 0.015702
3 0.635400 0.571969 0.012000 0.027334
3 0.517200 0.647717 0.011200 0.027624
3 0.517500 0.566735 0.012600 0.023844
1 0.458200 0.641175 0.011200 0.015702
3 0.459000 0.614568 0.010800 0.026461
2 0.457400 0.628671 0.013200 0.010468
4 0.602500 0.484152 0.011800 0.013376
0 0.685000 0.456528 0.008800 0.016284
4 0.685600 0.446205 0.010000 0.014248
1 0.575200 0.457982 0.010800 0.016284
2 0.575200 0.446351 0.013600 0.009305
3 0.575900 0.429340 0.012200 0.026461
4 0.415300 0.502472 0.012200 0.016284
4 0.414100 0.483716 0.010600 0.013085
0 0.406100 0.481826 0.011400 0.015121
1 0.684400 0.319424 0.010000 0.018901
2 0.684600 0.307066 0.013200 0.008723
3 0.685100 0.290637 0.011000 0.027043
6 0.362500 0.331492 0.018600 0.010468
3 0.426800 0.333673 0.019600 0.016575
0 0.485700 0.260105 0.010200 0.014830
4 0.493700 0.260977 0.009800 0.015411
4 0.521700 0.277261 0.009000 0.018319
1 0.466300 0.216487 0.011800 0.017738
2 0.465100 0.203693 0.013400 0.011341
4 0.351200 0.314045 0.008800 0.015702
3 0.467100 0.186537 0.013000 0.028206
1 0.574600 0.139721 0.011600 0.017156
2 0.574700 0.127653 0.013800 0.009887
3 0.577100 0.112097 0.012600 0.028206
4 0.479800 0.122710 0.011200 0.016865
4 0.325100 0.190026 0.011400 0.018319
0 0.342700 0.312155 0.012200 0.017156
4 0.325000 0.526025 0.011200 0.016284
0 0.341400 0.664437 0.009600 0.012794
4 0.350000 0.664583 0.010400 0.015411
