4 0.628100 0.716197 0.009800 0.014539
6 0.615700 0.699477 0.007000 0.026461
4 0.713400 0.754144 0.012000 0.014248
3 0.614800 0.606717 0.010800 0.027043
3 0.715200 0.549869 0.018400 0.017447
2 0.704000 0.551323 0.006800 0.018610
1 0.696000 0.549578 0.010400 0.014539
4 0.664400 0.507706 0.010800 0.013958
0 0.665300 0.519046 0.009000 0.015702
4 0.760200 0.530532 0.011600 0.014830
4 0.653800 0.467723 0.009200 0.014248
3 0.548100 0.389648 0.018200 0.012213
2 0.537300 0.392556 0.006600 0.016865
1 0.529100 0.390375 0.010600 0.015993
1 0.747900 0.390521 0.012200 0.013958
2 0.755900 0.391247 0.005800 0.017738
3 0.767900 0.390666 0.017000 0.016575
3 0.644100 0.232480 0.016200 0.016575
2 0.632600 0.232771 0.005600 0.019482
1 0.625000 0.231608 0.011600 0.014830
4 0.537800 0.230736 0.009600 0.014248
0 0.530100 0.231753 0.011000 0.014539
5 0.418900 0.282931 0.011800 0.014539
5 0.484900 0.284676 0.011800 0.013376
3 0.450300 0.303140 0.018200 0.015993
4 0.510700 0.351120 0.009800 0.014248
3 0.398800 0.475138 0.018800 0.012794
3 0.454200 0.475865 0.018800 0.014248
1 0.403100 0.560773 0.012600 0.014248
2 0.410600 0.561646 0.006000 0.016575
3 0.421800 0.559610 0.017200 0.015411
4 0.497900 0.621983 0.010600 0.015121
4 0.510900 0.624455 0.009000 0.014248
0 0.513100 0.636377 0.011400 0.014248
4 0.387100 0.718523 0.011800 0.013376
0 0.387300 0.730590 0.010200 0.014248
4 0.482100 0.753998 0.009800 0.012794
