4 0.653800 0.678249 0.009600 0.014248
0 0.662500 0.679558 0.010600 0.013958
3 0.577500 0.663856 0.018200 0.013376
4 0.511000 0.737133 0.010000 0.012794
0 0.520400 0.738878 0.011200 0.014539
1 0.541600 0.783513 0.011200 0.015993
3 0.541200 0.812155 0.010400 0.026170
6 0.640900 0.660803 0.019800 0.011341
4 0.682200 0.802559 0.010800 0.014539
4 0.530300 0.877435 0.010200 0.014248
0 0.595300 0.512794 0.012200 0.013667
4 0.586100 0.511195 0.009400 0.016865
4 0.585100 0.492149 0.010200 0.013085
4 0.674500 0.464961 0.010600 0.014539
4 0.646500 0.327130 0.009000 0.012794
0 0.655400 0.328148 0.009200 0.014830
3 0.538500 0.383978 0.012200 0.023553
2 0.539700 0.367113 0.012600 0.008433
1 0.539300 0.356790 0.011400 0.015702
3 0.479900 0.352864 0.011800 0.025298
3 0.482000 0.434719 0.010400 0.026170
3 0.362900 0.433702 0.009800 0.027043
5 0.349300 0.390521 0.009800 0.013958
5 0.351600 0.485752 0.010000 0.013085
4 0.397900 0.521809 0.011000 0.015993
0 0.316700 0.551759 0.011400 0.015993
4 0.316100 0.563536 0.011400 0.011631
1 0.426400 0.545071 0.010400 0.015993
2 0.427300 0.556848 0.013400 0.009305
3 0.427400 0.575022 0.010800 0.025298
4 0.483400 0.723466 0.009600 0.015702
2 0.434500 0.875836 0.012600 0.012794
1 0.435200 0.864205 0.010800 0.015702
3 0.434000 0.892992 0.011600 0.025589
3 0.319700 0.718377 0.011000 0.024135
2 0.320700 0.702966 0.012600 0.008433
1 0.321300 0.690753 0.011400 0.015993
2 0.543100 0.794708 0.015000 0.008142
