0 0.612600 0.730590 0.008800 0.016575
4 0.613500 0.719395 0.009800 0.015121
4 0.517500 0.754434 0.010600 0.013667
0 0.488500 0.635359 0.009800 0.015702
4 0.489600 0.624309 0.010000 0.013958
4 0.501700 0.622129 0.011400 0.014248
3 0.385100 0.607008 0.009000 0.028787
3 0.577800 0.560483 0.018400 0.014248
2 0.589500 0.562664 0.006200 0.017447
1 0.597500 0.560337 0.011400 0.013958
6 0.384200 0.699622 0.008000 0.029078
3 0.546000 0.475138 0.018400 0.013958
3 0.601500 0.475284 0.018600 0.013085
3 0.451500 0.390084 0.017000 0.013667
2 0.463200 0.391102 0.006800 0.017447
1 0.471300 0.390811 0.011400 0.015702
4 0.488100 0.351120 0.008600 0.013667
3 0.549200 0.303431 0.017200 0.014830
5 0.514200 0.284385 0.011200 0.012213
5 0.580500 0.283658 0.011000 0.013085
4 0.462400 0.230881 0.009200 0.011631
0 0.471000 0.231753 0.010000 0.012794
3 0.355700 0.231899 0.016200 0.015411
2 0.367000 0.232771 0.006800 0.017738
1 0.375700 0.232190 0.011000 0.016575
3 0.231700 0.390230 0.018200 0.016284
2 0.243700 0.392411 0.007400 0.017738
1 0.252500 0.390666 0.011800 0.014830
4 0.346300 0.467287 0.009000 0.015121
4 0.336400 0.508578 0.009200 0.013376
0 0.334800 0.519482 0.008800 0.015411
4 0.240000 0.528787 0.010000 0.014248
3 0.284000 0.549142 0.018800 0.014248
2 0.295600 0.550305 0.006800 0.018319
1 0.303800 0.549724 0.012800 0.015411
4 0.286700 0.755598 0.011400 0.011341
0 0.371600 0.728409 0.010400 0.015121
4 0.371800 0.716924 0.010400 0.016575
