1 0.699300 0.499855 0.011800 0.016865
2 0.706700 0.501309 0.007400 0.019192
3 0.718100 0.506252 0.019400 0.015121
4 0.760100 0.535912 0.010200 0.016865
0 0.666600 0.522826 0.014800 0.016284
4 0.662500 0.532131 0.011800 0.014539
4 0.647400 0.571969 0.012000 0.015121
3 0.626300 0.425560 0.013400 0.027624
4 0.513700 0.380925 0.011000 0.018028
4 0.526300 0.379907 0.011800 0.015993
0 0.528300 0.368276 0.011800 0.017738
6 0.637400 0.333236 0.010400 0.027915
4 0.651200 0.318843 0.012400 0.014830
0 0.655200 0.308811 0.012000 0.016284
4 0.741300 0.302850 0.009400 0.017156
1 0.731200 0.669381 0.012000 0.016865
2 0.739700 0.670835 0.008200 0.019773
3 0.750800 0.675778 0.018000 0.019773
3 0.608900 0.802413 0.017400 0.018319
2 0.599000 0.797179 0.006800 0.021809
1 0.591300 0.794562 0.012600 0.017738
0 0.496900 0.771591 0.011000 0.015993
4 0.504700 0.774208 0.009800 0.016575
3 0.426400 0.680430 0.019600 0.020355
5 0.459900 0.707618 0.011400 0.015411
5 0.395000 0.691625 0.013600 0.016575
4 0.492600 0.647863 0.011200 0.016865
1 0.515800 0.614714 0.012400 0.016865
2 0.523900 0.616167 0.007800 0.021518
3 0.534300 0.620675 0.016600 0.017738
3 0.452300 0.511341 0.019000 0.018901
3 0.397700 0.497238 0.018200 0.016284
1 0.412200 0.415092 0.011600 0.016575
2 0.419200 0.415382 0.008400 0.020064
3 0.430000 0.421780 0.018800 0.019482
4 0.414200 0.254871 0.011200 0.016575
0 0.416900 0.243675 0.011000 0.017447
4 0.513200 0.244112 0.010000 0.017738
