5 0.338100 0.557866 0.011800 0.016575
5 0.383400 0.629107 0.010400 0.020064
3 0.367800 0.581128 0.019200 0.024135
4 0.433000 0.610788 0.011600 0.015993
1 0.466900 0.601628 0.012200 0.015702
2 0.471300 0.611806 0.009400 0.013958
3 0.479700 0.626345 0.017400 0.022681
0 0.388000 0.710672 0.011200 0.015121
4 0.390700 0.723030 0.012200 0.016575
1 0.452200 0.811137 0.011600 0.015411
2 0.457700 0.821460 0.009400 0.013376
3 0.463400 0.834545 0.013600 0.022681
3 0.628000 0.858098 0.016400 0.022099
2 0.619500 0.845595 0.013000 0.013376
1 0.617100 0.833527 0.011000 0.014830
4 0.694200 0.751817 0.012800 0.015993
4 0.617500 0.665455 0.011400 0.014248
4 0.591800 0.686391 0.010800 0.015411
0 0.625200 0.661675 0.009200 0.017738
1 0.661100 0.670544 0.011000 0.016865
2 0.665800 0.680867 0.010000 0.013085
3 0.672900 0.695842 0.015400 0.022681
4 0.777100 0.549724 0.009400 0.015993
3 0.634200 0.549288 0.017200 0.022681
6 0.680000 0.486042 0.016400 0.021227
4 0.697700 0.485461 0.011000 0.014830
0 0.705600 0.480518 0.010800 0.017738
0 0.579600 0.419017 0.010800 0.013376
4 0.571600 0.423524 0.008800 0.016575
4 0.563000 0.412765 0.009600 0.015993
4 0.618100 0.303577 0.009400 0.014539
0 0.541800 0.222158 0.009200 0.016865
4 0.533000 0.227682 0.008800 0.016865
1 0.467100 0.349666 0.011800 0.016575
2 0.472200 0.361151 0.010400 0.012213
3 0.477600 0.375400 0.016800 0.023263
3 0.422000 0.404478 0.014400 0.023263
3 0.459300 0.462780 0.016600 0.023553
