4 0.542600 0.747746 0.009200 0.014248
4 0.632700 0.694388 0.011000 0.013958
0 0.633300 0.706455 0.011000 0.015993
3 0.582500 0.543763 0.017000 0.019192
2 0.594700 0.542890 0.006600 0.018610
1 0.602800 0.540855 0.010800 0.018610
0 0.501000 0.637976 0.010000 0.013958
4 0.501600 0.625473 0.010000 0.012794
4 0.513100 0.621111 0.011000 0.014539
6 0.404800 0.720122 0.009600 0.026461
4 0.394700 0.739459 0.010200 0.016284
0 0.393800 0.752544 0.010800 0.014539
4 0.312700 0.796016 0.012200 0.013085
4 0.245700 0.583309 0.011800 0.012213
4 0.338200 0.540564 0.011600 0.012213
3 0.290000 0.591742 0.017200 0.015121
1 0.311200 0.588689 0.010800 0.016575
2 0.302300 0.592033 0.007400 0.019192
1 0.223200 0.445333 0.018000 0.017156
2 0.235900 0.444897 0.008600 0.018028
1 0.245200 0.442280 0.010400 0.016865
4 0.344500 0.499418 0.010200 0.017738
3 0.440100 0.400116 0.018200 0.018610
2 0.452900 0.400843 0.007800 0.019482
1 0.461300 0.397645 0.011800 0.015993
4 0.474800 0.355336 0.009200 0.016865
3 0.331300 0.262431 0.017000 0.017156
2 0.343400 0.262286 0.007200 0.018610
1 0.351300 0.261995 0.011000 0.017447
4 0.436100 0.240913 0.009000 0.017156
0 0.445700 0.240186 0.009000 0.015702
5 0.494100 0.281913 0.011800 0.016575
5 0.560500 0.269410 0.010200 0.015993
3 0.528700 0.295580 0.019000 0.018319
3 0.597300 0.455074 0.019400 0.016284
3 0.542600 0.466269 0.020800 0.015993
3 0.396300 0.628962 0.013000 0.026170
