3 0.644400 0.768974 0.018000 0.015993
2 0.632600 0.767520 0.006000 0.018319
1 0.624500 0.766793 0.011400 0.014539
0 0.529000 0.768683 0.011600 0.015411
4 0.537600 0.769846 0.010000 0.013085
4 0.510700 0.648299 0.009400 0.015993
1 0.528600 0.609043 0.012400 0.014830
2 0.537400 0.607299 0.006400 0.018319
3 0.548200 0.609189 0.016000 0.015121
1 0.747300 0.607299 0.011400 0.014830
2 0.756200 0.607299 0.006400 0.015993
3 0.767200 0.608462 0.017600 0.016575
4 0.759900 0.467869 0.010200 0.013958
3 0.715500 0.452312 0.018200 0.014248
2 0.704400 0.448968 0.008400 0.020355
1 0.695600 0.449695 0.010800 0.016575
3 0.615300 0.393574 0.010200 0.024716
4 0.510400 0.374964 0.010000 0.014248
4 0.499100 0.377581 0.009400 0.017156
0 0.511800 0.363478 0.010800 0.015121
4 0.713600 0.244839 0.008800 0.015121
4 0.628100 0.282786 0.010600 0.014830
0 0.630200 0.271591 0.011600 0.015121
4 0.482100 0.245129 0.011000 0.015121
0 0.388500 0.269846 0.011400 0.014539
4 0.387700 0.281623 0.013000 0.015411
1 0.402500 0.438500 0.011400 0.015121
2 0.410800 0.439227 0.006400 0.017738
3 0.422500 0.438500 0.017000 0.018028
3 0.398000 0.523263 0.018000 0.014830
3 0.453500 0.525153 0.016600 0.017447
3 0.450100 0.697587 0.018600 0.012794
5 0.418400 0.715906 0.010800 0.014539
5 0.485300 0.716633 0.010200 0.015993
4 0.664700 0.491858 0.011800 0.016575
0 0.666100 0.479500 0.011400 0.018028
4 0.653900 0.533731 0.012200 0.018319
6 0.616500 0.300087 0.007800 0.027915
