4 0.577300 0.248328 0.009400 0.018610
0 0.587500 0.244693 0.009400 0.018319
1 0.492500 0.342978 0.012600 0.016575
2 0.495500 0.355481 0.013000 0.013085
3 0.500000 0.373074 0.018000 0.029078
4 0.575300 0.438063 0.011000 0.017738
4 0.581300 0.452457 0.009800 0.018610
0 0.591700 0.447368 0.011000 0.020064
4 0.646900 0.352283 0.012200 0.015993
3 0.439800 0.380052 0.016000 0.024426
3 0.464300 0.451294 0.016600 0.029078
3 0.622000 0.592614 0.019600 0.023263
6 0.677400 0.548851 0.019200 0.017738
4 0.693300 0.556412 0.009400 0.015993
0 0.703300 0.552195 0.009800 0.017447
4 0.759500 0.645682 0.010600 0.017738
4 0.646900 0.814772 0.012200 0.023844
5 0.635700 0.750800 0.016600 0.027334
2 0.632200 0.734661 0.014800 0.013085
1 0.628100 0.720994 0.012200 0.016575
0 0.595500 0.698895 0.010600 0.014830
4 0.585100 0.702094 0.011000 0.021227
4 0.557900 0.710236 0.012200 0.015411
1 0.557100 0.864932 0.012200 0.017156
2 0.561400 0.876563 0.013600 0.013085
3 0.565300 0.894591 0.016200 0.027624
3 0.409200 0.814772 0.016800 0.026170
2 0.405900 0.798343 0.013400 0.013667
1 0.401900 0.785694 0.011000 0.019192
4 0.356900 0.679994 0.013400 0.017738
0 0.355700 0.664001 0.011000 0.016575
4 0.416100 0.584036 0.011800 0.015411
5 0.364900 0.584908 0.013800 0.018319
3 0.358400 0.534458 0.018000 0.030241
5 0.332900 0.500291 0.012600 0.021227
3 0.459600 0.617767 0.018800 0.027043
2 0.454500 0.599448 0.013400 0.014248
1 0.451200 0.585781 0.013600 0.016575
