1 0.688500 0.759959 0.011400 0.017738
2 0.694800 0.766356 0.009200 0.019482
3 0.704200 0.774498 0.018000 0.024135
3 0.543600 0.836290 0.018000 0.022681
1 0.528300 0.820151 0.009800 0.014830
2 0.534700 0.826694 0.007800 0.019192
4 0.649500 0.601192 0.012200 0.017738
4 0.627400 0.631143 0.012800 0.015411
0 0.654900 0.593341 0.013000 0.014830
1 0.691800 0.583309 0.010800 0.018028
2 0.697800 0.588979 0.009200 0.019482
3 0.706100 0.598575 0.015000 0.024135
4 0.742000 0.643646 0.010800 0.015993
4 0.771400 0.414074 0.010400 0.018610
4 0.680000 0.390230 0.010000 0.015702
0 0.686600 0.383833 0.011200 0.015702
6 0.665600 0.399680 0.014400 0.030532
3 0.636100 0.483280 0.017400 0.026170
4 0.466500 0.229282 0.010200 0.017738
0 0.472900 0.222012 0.011400 0.017156
4 0.564800 0.259669 0.010800 0.016865
1 0.434000 0.380779 0.011200 0.017156
2 0.440200 0.387322 0.009200 0.019773
3 0.449300 0.395028 0.017400 0.020064
4 0.537300 0.391538 0.012200 0.018319
4 0.548300 0.394446 0.009800 0.018319
0 0.554800 0.388340 0.013200 0.014830
3 0.402700 0.453039 0.018200 0.022681
3 0.452500 0.489823 0.018200 0.023553
1 0.493400 0.615441 0.011200 0.017738
2 0.498700 0.620965 0.007400 0.018901
3 0.508800 0.631143 0.016400 0.022972
4 0.462600 0.639721 0.013200 0.019773
3 0.393400 0.643792 0.019200 0.022681
5 0.420500 0.681884 0.012600 0.018028
5 0.360900 0.638703 0.011800 0.018901
0 0.443400 0.757778 0.010800 0.017447
4 0.448900 0.765630 0.009800 0.018028
