5 0.614500 0.680285 0.012200 0.012504
5 0.634400 0.590288 0.011600 0.016284
3 0.612800 0.634051 0.012000 0.028206
4 0.600500 0.534167 0.013800 0.015702
0 0.684600 0.545507 0.010400 0.015121
4 0.689100 0.538092 0.010600 0.015411
3 0.481100 0.647136 0.011000 0.023553
3 0.500800 0.570951 0.011600 0.029369
1 0.715200 0.414801 0.011600 0.016575
3 0.723500 0.390375 0.013400 0.027624
4 0.572200 0.297906 0.009600 0.014830
0 0.541700 0.266066 0.010600 0.014539
4 0.547800 0.271445 0.009600 0.015411
3 0.658700 0.169526 0.012200 0.026752
2 0.654500 0.183193 0.012600 0.012213
1 0.651400 0.193225 0.012000 0.016575
4 0.564900 0.132742 0.013400 0.014248
3 0.540100 0.189008 0.013400 0.023844
1 0.531400 0.212998 0.014000 0.015993
2 0.532800 0.202966 0.012400 0.012213
4 0.404600 0.122710 0.014400 0.019192
0 0.394700 0.247310 0.012200 0.015411
1 0.401100 0.254871 0.013400 0.014830
6 0.408100 0.276388 0.020600 0.018901
3 0.469800 0.306339 0.018000 0.020064
0 0.416100 0.438500 0.009000 0.016865
4 0.422000 0.445624 0.010000 0.017156
4 0.327600 0.440826 0.012800 0.015121
3 0.436200 0.587525 0.015200 0.028787
2 0.431000 0.601919 0.012800 0.011050
1 0.427900 0.612097 0.012200 0.018028
0 0.313900 0.578511 0.011000 0.015411
4 0.320900 0.585926 0.008600 0.016865
1 0.580700 0.494039 0.010200 0.016284
2 0.583100 0.484443 0.014200 0.012794
3 0.588200 0.471067 0.015600 0.025589
