3 0.635400 0.572259 0.010400 0.025007
5 0.648800 0.521518 0.010400 0.015993
5 0.648400 0.617912 0.008800 0.016865
4 0.602200 0.483425 0.009200 0.011922
4 0.685300 0.445915 0.010600 0.011341
0 0.685300 0.456673 0.010200 0.015993
1 0.575800 0.457400 0.010800 0.017447
3 0.576400 0.430358 0.010400 0.026170
2 0.574300 0.445915 0.012600 0.010177
1 0.685000 0.317970 0.010400 0.017156
2 0.684100 0.307357 0.013400 0.010468
3 0.685500 0.290782 0.011000 0.026752
1 0.575600 0.139430 0.010000 0.017156
2 0.574500 0.127653 0.012200 0.009305
3 0.575900 0.110643 0.011400 0.025298
4 0.324800 0.189299 0.010000 0.015702
4 0.494200 0.261559 0.009200 0.014830
4 0.522200 0.275807 0.011200 0.013667
3 0.426400 0.332655 0.020000 0.015702
6 0.363400 0.331928 0.018800 0.010177
4 0.351100 0.313754 0.010600 0.015121
0 0.342700 0.314190 0.010200 0.016575
1 0.465600 0.214888 0.011200 0.018028
2 0.465000 0.203257 0.014400 0.009887
3 0.466400 0.186682 0.010000 0.026170
4 0.479600 0.122129 0.010800 0.014539
4 0.324900 0.526461 0.011000 0.014830
4 0.414600 0.484443 0.010400 0.013376
0 0.406600 0.483425 0.010000 0.016575
4 0.415700 0.502326 0.010200 0.014248
3 0.517700 0.567752 0.011000 0.028787
3 0.517000 0.647572 0.010400 0.024426
3 0.459300 0.613260 0.010200 0.024426
1 0.458600 0.640884 0.010000 0.016865
0 0.341500 0.663856 0.010600 0.014539
4 0.349400 0.665310 0.009200 0.015121
