1 0.624800 0.767956 0.011600 0.012794
3 0.644700 0.768828 0.018200 0.015702
2 0.633300 0.768101 0.005400 0.018319
0 0.529300 0.768101 0.010600 0.013085
4 0.538600 0.769555 0.010800 0.015411
5 0.485100 0.715179 0.011400 0.014830
3 0.451000 0.697877 0.020000 0.015702
1 0.747700 0.607880 0.012200 0.014248
3 0.768000 0.609334 0.017200 0.014248
2 0.755900 0.606717 0.006200 0.018901
2 0.536800 0.609043 0.006400 0.017738
1 0.529000 0.608898 0.011200 0.014539
3 0.548800 0.609189 0.017600 0.016865
3 0.453600 0.523990 0.017600 0.015702
4 0.654300 0.533004 0.010200 0.014539
4 0.664200 0.491858 0.011200 0.015993
0 0.665900 0.480227 0.012600 0.015411
4 0.760500 0.469904 0.011800 0.015121
1 0.696200 0.449695 0.010800 0.015411
2 0.703800 0.448532 0.006800 0.018901
3 0.714900 0.450712 0.018200 0.015121
3 0.615800 0.393283 0.010400 0.027624
4 0.499300 0.376708 0.009400 0.015411
4 0.510400 0.375109 0.009200 0.015702
0 0.512200 0.362460 0.011600 0.017156
6 0.615700 0.299942 0.007800 0.028206
4 0.628500 0.283803 0.009400 0.016865
0 0.629200 0.271591 0.011600 0.015702
4 0.713800 0.247019 0.011200 0.014830
4 0.482700 0.245711 0.012200 0.013376
0 0.388500 0.269700 0.010200 0.017738
4 0.386600 0.281768 0.010000 0.016284
1 0.402100 0.438645 0.012200 0.016575
2 0.410900 0.437627 0.005400 0.018610
3 0.421800 0.439517 0.018000 0.014830
3 0.398200 0.525153 0.016000 0.016284
4 0.510000 0.648590 0.008400 0.016575
