4 0.625900 0.682175 0.011400 0.014539
4 0.545200 0.766938 0.009200 0.018319
0 0.553800 0.770573 0.009600 0.015121
1 0.472000 0.649898 0.012400 0.015121
2 0.476500 0.640157 0.011000 0.013085
1 0.481700 0.624600 0.014600 0.024426
3 0.424600 0.600901 0.014400 0.024135
4 0.565500 0.578511 0.010600 0.016575
4 0.572800 0.565862 0.009200 0.016284
0 0.582200 0.570515 0.009600 0.014539
3 0.458700 0.537802 0.015400 0.023553
3 0.630100 0.435301 0.018600 0.025007
6 0.679500 0.495057 0.018200 0.024135
4 0.695700 0.491567 0.009800 0.017738
0 0.705200 0.495638 0.009200 0.014248
4 0.771000 0.420326 0.010400 0.014248
1 0.650700 0.310992 0.011000 0.014830
4 0.680600 0.225938 0.010000 0.016865
3 0.660600 0.285403 0.014000 0.025298
2 0.655600 0.300378 0.010400 0.015702
3 0.608400 0.124746 0.014000 0.023263
2 0.603300 0.142629 0.010600 0.012504
1 0.598700 0.153097 0.011800 0.015411
2 0.440200 0.182030 0.010800 0.013958
3 0.446400 0.165164 0.015200 0.021518
1 0.436600 0.192062 0.012400 0.014830
4 0.580200 0.304013 0.011600 0.015993
0 0.616200 0.323641 0.010400 0.015702
4 0.606900 0.321024 0.009000 0.015702
4 0.379500 0.286857 0.013000 0.014830
0 0.376900 0.298779 0.011000 0.014830
3 0.471600 0.374382 0.015200 0.028787
1 0.462000 0.400552 0.011600 0.017738
4 0.426500 0.396191 0.011400 0.015993
2 0.465800 0.388921 0.013200 0.014830
3 0.362100 0.431375 0.016200 0.020646
5 0.334500 0.455946 0.009400 0.015702
5 0.375900 0.381506 0.011000 0.015121
