4 0.482300 0.756761 0.009400 0.014830
4 0.387200 0.721867 0.010400 0.014830
0 0.388300 0.733498 0.010200 0.015993
0 0.512300 0.639139 0.011400 0.016865
4 0.498500 0.625618 0.011000 0.015993
4 0.511400 0.628090 0.010800 0.013376
1 0.402300 0.564117 0.012600 0.015702
2 0.410800 0.563827 0.006400 0.018028
3 0.422200 0.563827 0.017600 0.018028
3 0.399100 0.478337 0.017400 0.015121
3 0.454000 0.478773 0.017600 0.013085
6 0.615700 0.702239 0.007000 0.026752
4 0.627700 0.719395 0.009000 0.015121
0 0.629900 0.731608 0.011000 0.015121
1 0.529400 0.394737 0.010800 0.014830
2 0.537000 0.396045 0.007200 0.019773
3 0.548300 0.394301 0.017800 0.016865
3 0.450800 0.305757 0.018800 0.014248
5 0.418900 0.286711 0.011000 0.015121
5 0.485800 0.286711 0.010400 0.012794
0 0.529600 0.234661 0.010400 0.014539
4 0.537000 0.233353 0.009600 0.014830
1 0.625100 0.235388 0.011400 0.015993
2 0.633000 0.235534 0.007600 0.017447
3 0.644400 0.234661 0.018000 0.017447
3 0.767800 0.393138 0.018000 0.016284
2 0.756200 0.394591 0.008800 0.016865
1 0.748300 0.393428 0.013000 0.015121
4 0.653500 0.471067 0.010200 0.012794
4 0.664100 0.511195 0.009800 0.013958
0 0.665800 0.522681 0.011200 0.014248
3 0.715400 0.551178 0.018000 0.013085
2 0.704200 0.553359 0.008000 0.018610
1 0.696100 0.552341 0.012600 0.017156
4 0.759600 0.532131 0.010800 0.015702
4 0.713900 0.756179 0.011000 0.014248
3 0.614800 0.609479 0.011600 0.026752
4 0.512500 0.354900 0.013400 0.016575
