4 0.713600 0.755598 0.009600 0.010177
4 0.628200 0.716487 0.010400 0.013376
0 0.628300 0.729136 0.011800 0.014830
6 0.615300 0.699477 0.007800 0.026461
1 0.696300 0.551032 0.012200 0.014539
2 0.703800 0.551178 0.006400 0.018901
3 0.714800 0.549578 0.018400 0.016284
3 0.613900 0.606862 0.012600 0.026752
4 0.511200 0.625327 0.010400 0.013667
0 0.512600 0.635941 0.010800 0.012213
4 0.653900 0.467869 0.009800 0.015702
4 0.664900 0.507124 0.010600 0.012213
0 0.665700 0.519046 0.010600 0.014539
1 0.529300 0.390957 0.011800 0.013667
2 0.536900 0.392120 0.006200 0.017738
3 0.548000 0.390957 0.017200 0.018901
4 0.511300 0.350538 0.011400 0.013085
0 0.529600 0.231026 0.009600 0.015411
4 0.537500 0.230445 0.009400 0.015411
1 0.625000 0.231463 0.012800 0.013958
2 0.633000 0.232480 0.007200 0.016575
1 0.643900 0.231463 0.018600 0.015702
5 0.418600 0.284094 0.010800 0.012213
5 0.485400 0.284094 0.010400 0.012213
3 0.450200 0.302268 0.018400 0.013085
3 0.453900 0.475429 0.018600 0.012794
3 0.398900 0.475284 0.017400 0.013085
3 0.421700 0.561210 0.018200 0.015121
2 0.410500 0.561937 0.006200 0.015993
1 0.402500 0.561210 0.011400 0.013376
4 0.385300 0.718523 0.008600 0.013376
0 0.387700 0.730736 0.011400 0.014539
4 0.482100 0.754871 0.010600 0.011050
4 0.498200 0.622710 0.011200 0.017156
4 0.760200 0.528933 0.012000 0.015702
3 0.767400 0.390957 0.017600 0.017738
1 0.749200 0.391829 0.011600 0.013667
2 0.755600 0.391538 0.006800 0.018319
