4 0.623900 0.686246 0.011800 0.013376
4 0.565300 0.579384 0.010600 0.017156
1 0.470800 0.650771 0.010800 0.017447
2 0.475900 0.640157 0.013000 0.013667
3 0.481300 0.623437 0.017000 0.023844
3 0.423400 0.599302 0.016400 0.025589
3 0.458600 0.537366 0.018400 0.023263
4 0.571900 0.567898 0.009400 0.016284
0 0.580900 0.574149 0.010600 0.017738
5 0.336100 0.452893 0.013400 0.016575
5 0.377800 0.379471 0.012000 0.015702
3 0.364800 0.427741 0.019600 0.021518
4 0.428500 0.393283 0.012200 0.015993
1 0.462200 0.398953 0.010400 0.015121
2 0.467100 0.389212 0.012200 0.014248
3 0.472200 0.375545 0.017600 0.026461
3 0.631600 0.439808 0.015600 0.024135
6 0.680400 0.500727 0.019600 0.026752
4 0.695400 0.497528 0.009200 0.015121
0 0.705000 0.501745 0.011200 0.018901
0 0.379100 0.296452 0.011800 0.013085
4 0.382300 0.283803 0.012200 0.015702
4 0.583600 0.306775 0.010400 0.016284
4 0.608600 0.324077 0.008400 0.015411
0 0.618700 0.327566 0.010200 0.017156
1 0.654100 0.316662 0.012600 0.017447
2 0.658500 0.306194 0.011800 0.016284
3 0.663800 0.290782 0.017600 0.025589
4 0.773100 0.428031 0.009800 0.014539
4 0.683900 0.230736 0.011800 0.017738
1 0.440500 0.191044 0.013400 0.015121
2 0.444700 0.180576 0.012200 0.015121
3 0.451000 0.164292 0.017200 0.022099
1 0.603700 0.157459 0.013000 0.019482
2 0.607800 0.144810 0.012800 0.016865
3 0.613400 0.130852 0.016000 0.026170
4 0.541700 0.768537 0.010600 0.019192
0 0.551100 0.772027 0.011400 0.018028
