1 0.572000 0.452166 0.011200 0.019192
2 0.578200 0.460599 0.009200 0.018028
3 0.588600 0.468596 0.016000 0.024716
4 0.578100 0.405350 0.009800 0.019192
3 0.477300 0.437627 0.017000 0.022681
3 0.438000 0.381797 0.018400 0.026170
3 0.416500 0.463798 0.016600 0.023844
2 0.406400 0.455220 0.011600 0.018319
1 0.399100 0.446496 0.009800 0.018901
3 0.559500 0.306775 0.015400 0.026170
5 0.543800 0.263739 0.010800 0.016865
5 0.592800 0.331637 0.011200 0.014830
0 0.648300 0.337598 0.010600 0.016865
4 0.656400 0.342541 0.010400 0.016865
1 0.716400 0.435446 0.010400 0.017156
2 0.723500 0.442716 0.009800 0.017738
3 0.733600 0.449985 0.015600 0.023553
3 0.746200 0.689735 0.015200 0.026170
2 0.735100 0.681593 0.010600 0.015702
1 0.728800 0.675196 0.010800 0.016865
4 0.627500 0.634341 0.010200 0.017738
4 0.613700 0.671707 0.011800 0.016865
0 0.611400 0.682757 0.011200 0.016284
1 0.616100 0.735534 0.010600 0.018319
3 0.533200 0.694969 0.015600 0.022681
3 0.633000 0.751527 0.015200 0.024716
2 0.622400 0.743385 0.008800 0.017156
4 0.672100 0.786420 0.011800 0.017156
4 0.531500 0.900698 0.011400 0.018319
4 0.488100 0.785112 0.011400 0.016865
0 0.485400 0.795580 0.012800 0.016284
4 0.364200 0.666327 0.011200 0.014830
4 0.440900 0.588979 0.009800 0.015993
0 0.444800 0.612097 0.013600 0.016865
4 0.447800 0.601483 0.010800 0.015411
0 0.310500 0.554085 0.012200 0.014830
4 0.312900 0.541146 0.010200 0.015702
