0 0.412600 0.752690 0.010000 0.015993
4 0.421700 0.749637 0.011000 0.014539
4 0.353300 0.644373 0.011000 0.018028
1 0.508100 0.654842 0.011000 0.014539
2 0.503400 0.643210 0.013600 0.012794
3 0.500600 0.625763 0.014400 0.023844
3 0.561200 0.620384 0.014400 0.027043
3 0.535700 0.548124 0.013400 0.023263
4 0.420700 0.544926 0.011400 0.015121
4 0.425800 0.558447 0.010400 0.015993
1 0.410600 0.546671 0.009600 0.016865
3 0.644500 0.470340 0.014200 0.027043
5 0.668400 0.504507 0.010400 0.016865
5 0.638000 0.420326 0.011600 0.014248
4 0.585900 0.415964 0.011400 0.015993
1 0.551700 0.413492 0.011800 0.013376
2 0.548100 0.401716 0.012200 0.011922
6 0.325300 0.444170 0.017400 0.018901
0 0.299900 0.440535 0.010200 0.013376
4 0.309100 0.438500 0.010600 0.015121
3 0.380300 0.401570 0.015800 0.018028
3 0.544800 0.383396 0.013600 0.024716
0 0.648100 0.337598 0.010600 0.015121
4 0.646800 0.323786 0.011200 0.013667
1 0.603600 0.215033 0.011200 0.013667
2 0.600000 0.203838 0.012800 0.012213
3 0.597100 0.185810 0.016200 0.023263
4 0.445900 0.286130 0.011800 0.016284
0 0.408500 0.296598 0.011400 0.016284
4 0.419300 0.294126 0.010600 0.015411
1 0.449000 0.132306 0.011600 0.015702
2 0.444600 0.120238 0.012800 0.012504
3 0.443400 0.102355 0.014800 0.023844
4 0.359100 0.181303 0.012200 0.015993
3 0.370700 0.243821 0.015800 0.023553
2 0.372800 0.260977 0.011600 0.011922
1 0.376400 0.273771 0.012000 0.014830
4 0.243800 0.347194 0.010400 0.013958
