3 0.644300 0.769119 0.016200 0.015121
2 0.632300 0.769119 0.006200 0.018610
1 0.625100 0.767956 0.011800 0.013376
0 0.528800 0.769700 0.010800 0.015121
4 0.537800 0.770573 0.010000 0.013376
4 0.510600 0.648590 0.008400 0.013085
1 0.528500 0.609479 0.011400 0.013376
2 0.537100 0.607735 0.007000 0.018610
3 0.549000 0.610352 0.018000 0.014539
3 0.768200 0.611224 0.018000 0.014539
1 0.747700 0.608171 0.010200 0.014248
2 0.755900 0.607735 0.007000 0.018610
4 0.665100 0.490986 0.011800 0.014248
3 0.654400 0.531986 0.008400 0.015993
3 0.760000 0.470776 0.008800 0.016865
1 0.695500 0.449113 0.011800 0.016575
2 0.704000 0.448968 0.006400 0.018610
3 0.715100 0.450858 0.016200 0.013667
4 0.713300 0.245566 0.009400 0.016575
0 0.629400 0.271445 0.010800 0.015993
4 0.628600 0.282931 0.011600 0.012794
6 0.615800 0.300233 0.008400 0.027624
3 0.615600 0.394155 0.008400 0.025298
4 0.511500 0.374964 0.010200 0.013667
0 0.512100 0.362896 0.011000 0.016865
4 0.498700 0.377290 0.009400 0.015993
4 0.481600 0.245275 0.010000 0.015993
4 0.387000 0.280605 0.012800 0.013958
0 0.387700 0.269555 0.010600 0.015702
1 0.402600 0.438500 0.010400 0.015121
2 0.410500 0.437627 0.005800 0.016865
3 0.422600 0.438790 0.016400 0.015121
3 0.398600 0.523990 0.018000 0.012794
3 0.453800 0.524571 0.017200 0.013958
3 0.450600 0.696133 0.017600 0.014539
5 0.419100 0.717214 0.009800 0.014830
5 0.484800 0.718814 0.010800 0.017447
