3 0.562400 0.691480 0.017200 0.021518
5 0.547400 0.735679 0.011600 0.015702
5 0.594400 0.668072 0.010400 0.015411
0 0.650800 0.658186 0.009600 0.013667
4 0.659400 0.654260 0.009600 0.012794
4 0.579900 0.594940 0.010600 0.015121
1 0.573100 0.545798 0.011000 0.015121
2 0.579700 0.538529 0.009400 0.013376
3 0.590100 0.530096 0.013400 0.020355
1 0.717800 0.559174 0.011200 0.015702
2 0.724600 0.552777 0.009600 0.013376
3 0.734100 0.543036 0.014600 0.021227
3 0.744700 0.304158 0.014600 0.021518
2 0.733700 0.313899 0.009000 0.013085
1 0.727100 0.319860 0.010200 0.015121
4 0.668300 0.209945 0.010600 0.013958
3 0.630000 0.246293 0.014400 0.020355
2 0.620200 0.254434 0.010000 0.013958
1 0.613600 0.261559 0.010400 0.015993
4 0.526300 0.098721 0.009000 0.014830
0 0.480800 0.203984 0.012400 0.013085
4 0.484000 0.217214 0.009200 0.015121
6 0.485200 0.240622 0.015600 0.023553
3 0.531100 0.305176 0.014200 0.024135
0 0.608300 0.314336 0.010600 0.015121
4 0.611000 0.326839 0.010000 0.013376
4 0.625000 0.363769 0.011600 0.016865
3 0.438300 0.618348 0.016200 0.022390
3 0.477800 0.562227 0.016400 0.021809
1 0.400300 0.555394 0.011400 0.015121
2 0.406800 0.548124 0.009600 0.013958
3 0.416900 0.538819 0.014200 0.020355
4 0.440000 0.412765 0.011600 0.013667
4 0.446500 0.401279 0.009400 0.012794
0 0.443500 0.389212 0.011400 0.014830
0 0.309500 0.449695 0.009800 0.014248
4 0.312700 0.463507 0.010200 0.013958
4 0.362100 0.337162 0.009400 0.014830
