3 0.481200 0.842105 0.014400 0.022099
1 0.494700 0.824077 0.011000 0.016865
2 0.488700 0.829602 0.008600 0.016865
4 0.570700 0.756761 0.011000 0.016575
0 0.575000 0.748037 0.010400 0.014830
3 0.617600 0.627799 0.016800 0.023844
5 0.648400 0.617476 0.011200 0.019482
4 0.547400 0.632597 0.010000 0.015993
3 0.501900 0.632015 0.015400 0.022972
2 0.509300 0.620675 0.008600 0.017156
1 0.515200 0.612533 0.011200 0.015993
3 0.592300 0.438790 0.015800 0.020936
3 0.547000 0.483425 0.015600 0.023553
3 0.543900 0.387903 0.017000 0.020936
2 0.552500 0.376999 0.009400 0.017738
1 0.557600 0.370893 0.010400 0.015993
4 0.454900 0.397935 0.012600 0.014248
4 0.445600 0.403170 0.009600 0.016575
0 0.438000 0.397354 0.010400 0.015411
0 0.506900 0.220268 0.009800 0.014830
4 0.514300 0.226956 0.010200 0.017738
4 0.418100 0.271736 0.011400 0.015411
0 0.305200 0.412475 0.010400 0.013667
4 0.312900 0.420035 0.009400 0.018319
6 0.327800 0.423670 0.015200 0.027915
3 0.361600 0.503344 0.016000 0.026170
4 0.224100 0.455365 0.011000 0.015121
4 0.269500 0.681157 0.009800 0.019482
3 0.302000 0.632451 0.016800 0.025589
2 0.309700 0.618494 0.009400 0.015702
1 0.316100 0.612678 0.010200 0.015702
0 0.353200 0.616022 0.009600 0.013085
4 0.359200 0.622565 0.009600 0.016865
4 0.382600 0.648444 0.012000 0.018028
3 0.318000 0.805757 0.015200 0.021518
2 0.325900 0.793399 0.010200 0.016575
1 0.332100 0.788165 0.011000 0.018319
