0 0.309500 0.454056 0.010200 0.014248
4 0.314200 0.447078 0.009600 0.013667
1 0.418500 0.401279 0.011800 0.015702
2 0.421400 0.409858 0.012800 0.010177
3 0.469700 0.358825 0.014600 0.028497
3 0.494100 0.429776 0.014600 0.026752
4 0.424500 0.552922 0.009800 0.013667
4 0.427200 0.568479 0.008800 0.015121
0 0.422400 0.576476 0.011600 0.017156
4 0.334300 0.590433 0.012200 0.014830
1 0.579800 0.491567 0.012000 0.017156
2 0.582900 0.501163 0.012600 0.010759
3 0.591500 0.514248 0.014200 0.025298
5 0.597800 0.299942 0.013200 0.015411
3 0.601300 0.347194 0.015000 0.027334
5 0.625600 0.387322 0.009200 0.015702
4 0.596100 0.448241 0.011000 0.015411
0 0.678800 0.421780 0.010000 0.014830
4 0.683400 0.430503 0.010800 0.018319
1 0.720000 0.547397 0.009600 0.014248
2 0.722500 0.556703 0.014600 0.012504
3 0.730700 0.569206 0.015800 0.026461
1 0.675200 0.777552 0.010800 0.016284
2 0.679000 0.787584 0.011600 0.011922
3 0.686400 0.800814 0.014800 0.026752
3 0.565600 0.801105 0.014400 0.025007
1 0.554400 0.779151 0.014000 0.016575
2 0.558300 0.789619 0.011400 0.011922
0 0.561500 0.725211 0.011800 0.014539
4 0.566800 0.717796 0.009600 0.015411
4 0.588200 0.687700 0.010800 0.016284
4 0.595100 0.855336 0.013800 0.015993
4 0.435300 0.892120 0.012200 0.018610
0 0.416500 0.769410 0.009800 0.016865
4 0.421700 0.760395 0.010200 0.016865
6 0.428600 0.737424 0.022000 0.016284
3 0.486400 0.697877 0.018400 0.024426
